Pirmā prehmiju aizņehmuma izlozejuma 500 rubļu winnezti.
Şer. B. Şer. B. Şer. B. Ter. B. Şer. B.
718 3654 28 7730 40 12370 45 16149 18
19 12 3711 14 7752 49 12481 27 16286 38
58 13 3713 1 7787 38 12558 49 16324 7
84 15 3968 15 7792 20 12575 28 16392 5
110 35 3974 41 8061 2 12677 48 16439 40
305 5 3992 32 8119 28 12713 27 16467 39
305 20 41*2 22 8191 16 1277(i 30 16492 50
378 29 4203 30 8297 2 13009 37 16537 44
400 13 4246 25 8473 6 13071 43 16839 37
478 46 4256 11 8697 39 13090 29 16941 4
621 2 4267 33 8719 3 13146 g 17162 32
641 17 4270 36 8752 24 13248 39 17286 36
668 1 4724 1 8804 18 13323 26 17305 31
708 2 4745 3 8938 21 13324 36 17354 5
740 45 4782 49 8976 33 I 13354 2 17650 49
767 6 4863 34 8989 44 13463 2 17725 44
794 13 5096 15 9176 13 13493 10 17749 28
932 41 5285 2 9213 42 13494 17 1777:; 24
1020 33 5319 21 9214 45 13511 28 17795 2
1125 49 5399 34 9237 15 137«2 8 17881 4
1217 39 5522 8 9277 33 13837 45 17881 15
1269 10 5675 15 9384 11 13907 34 17972 13
1298 50 5836 34 9450 27 14114 42 17976 32
1305 16 5875 36 9477 50 14174 43 18029 29
1450 13 6014 39 9541 28 14211 28 18070 3
1521 19 6188 26 9595 38 14521 28 18158 45
1530 22 6216 28 9607 19 14553 10 18241 48
1554 5 6233 41 9929 2 14662 48 . 18255 12
1638 12 6302 22 10026 1 14702 50 18445 13
1638 29 6392 32 10064 23 14747 13 18548 5
1654 11 6485 33 10071 20 14750 29 18650 4
1773 27 6598 48 10132 33 14807 13 18784 44
1814 10 6680 34 10329 40 14915 34 18891 45
1996 26 6731 16 10334 45 15029 38 18896 10
2052 16 6768 41 10394 42 15112 8 18897 5
2060 4 6811 33 10500 40 15126 1 18932 43
2069 16 6828 22 10593 22 15133 15 18946 4
2076 4 6864 36 10621 7 15148 33 19071 20
2278 48 6910 32 10781 10 15196 14 19175 19
2552 46 7146 8 10854 10 15366 30 19178 2
2657 1 7295 23 11162 27 15376 12 19293 29
2737 25 7320 14 11203 40 15370 21 19384 7
2755 47 7411 45 11245 34 15425 37 19471 37
2969 35 7487 9 11384 9 15604 34 19526 42
2999 7 7505 H 11695 2 15690 29 19575 4
3321 36 7530 35 11756 35 15702 13 19611 8
3346 48 7602 17 11791 10 15767 19 19776 12
3354 38 7621 38 11829 34 15785 16 19798 15
3382 31 7631 13 11832 31 15811 45 19817 23
3388 1 7634 11 12212 50 15899 21 19848 34
3460 21 7638 13 12293 14 15948 20 19849 35
3604 17 7694 33 12333 45 | 16089 4 19887 46
Kopā 300 winnesti par 600,000 rubļu. AmortisetaS tika şchah. das sērijas, no kuŗàm katra şaìur bo biļetes.
4 1655 4085 6352 8247 10979 14367 17341
31 1712 4134 6425 8269 11014 14373 17494
87 1765 4414 6426 8497 11183 14425 17810
89 1795 4419 6517 8692 11472 14494 17815
121 1923 4922 6550 8743 11612 14530 17894
268 2161 4957 6637 8846 11804 14777 17905
472 2209 5095 6777 9041 12160 14822 17991
494 2238 5121 6790 9132 12297 14922 18223
511 2304 5184 6901 9135 12434 14961 18319
WS 2371 5286 6904 9283 12458 15670 18363
156 691(1 18447
M 2 27u i 15996 18 !
955 2832 5511 7271 10158 12572 16124 1851G
992 2838 5671 7327 10161 13090 10148 18584
995 2962 569 1 7335 10273 13523 16278 19118
1090 3030 5765 7598 10342 13875 16472 19156
1117 3081 5810 7686 10375 13887 16653 19301
1125 3430 5901 7896 10513 14078 16870 19427
1147 3681 6130 7902 10718 14205 17218 19625
1450 3819 6344 7927 10836 14250 17248 19886
mc.-ii 100 sērijas (8000 biļeteS) par 1,080,000 rubļu. Sahkot no 1. avriļa 1903. g. Amortiscļàs biļetes teek isinakşatas siuamâs walsts naudas eestahdes. ar 13S rubļeem katra.