Winneztes.
Bes tahm leelahm winnestehm. ko  Latweeschu amischu nummura lassitajeem zehlahm preekscha, wehl scbibs winnestes irr ismiļktas.
Pa 1000 rubl. winnejuschi sel'ec nummuri: (018)13, (4.524) 21, (13339) 45, (14362) 39, (12744) 26, (1703) 4, (14728) 41, (10048) 32, (12741) 25, (11982) 16, (2688) 11, (6364)3. (58w« 36, (12689) 14, (14012) 35, (4431) 1, (18871) 30, (3201) 34, (9432) 38. (11542) 46. Winneftes no 500 rubt. scheem numīnmecm lrittilschaS: (19421) 12. (4458) 32, (11840) 24, (13012) 20, (11149) 1. (11751) 46, (14264) 24, (2788) 34, (16181) 1, (14406) 48, (15198) 37, (383) 12. &lt;3727) 8. (19721) 41, (15923) 15, (2118) 2, (3460) 40, (1654) 15. (4235) 32. &lt;19899) 34. (15218) 4. (18300) 14. (10715) 16, (2898) 20. (19525) 45, (4571) 46, (8418) 37, (5041) 2, (13620) 33, (4522) 50, (13415) 32, (9041) 36, (3621)24, (13209) 12, (237) 21, (7547) 25, (8595) 7, (12588) 4. (5399) 24, (6597) 32. (17890) 22, (9491) 39, l 3898) 16, (18756) 32. (14761) 40, (7349) 20, (19201) 26, (14247) 38. (17677) 21, (16961) 21,
(4836)28. (3975) 16. (10304) 6. (16707) 34,  31. (9503) 2 (14817) 10, (3573)33. (15889)50, (11689)29. (1443&gt;;&gt;5'1. (13711)23. (1369546. (9210) 4, (17694)
14. ,3386)30, &lt;17600) 34  l 16313) 41. (10353) 38. (6720) 13. (14563) 36. l 8568) 42. (4684) 38. (10161)
48. (7253- 27. ,8388» 21, (13820) 43. (14629) 17. (7347)
34. (11190) 23. (14611)42. (18117)44. (142!8&gt; 19. (2229 i 15 (11754) 50. .2538) 26. (14448) 14, (3345) 25. (7827)8. (483)31. (11203) 30, (13339)5, (11251) 29. (1548 li) 10. (12146) 45.(14987) 38. (10117)20. (5517) 6, (8851) 4. (16586) 10. (1603) 29. (17521) 30. (6224) 38. (1953?) 26. (16706) 28, (16151) 17,(18916) 29, (18830) 25, (5625)36. (5664)26, (4180)31, (11878) 14, (18273) 16. (15532) 26. (8504) 17. (11789) 43. (9311) 11.(567» 28, (16106) 2. (10754)4. (1321) 11, (2825) 34, (10449) 27, (2792» 21. ,7282) 44, (10431) 8, (15011) 4. (12259) 14. (19578) 30. (769) 40. (13-101) 27, (16475)
10. (1652)30. (2615) 39. (9255) 9. (383) 11. «5657) 8, (5241) 27, (5484) 1. (16926) 47. (10738) 30. (18564)22. (7512) 16. (1661) 43, &lt;3732) 45. (UBs-6) 4. (1151)22. (473) 21. (16869) 37. (8545) 13, &lt;15046) 28. (3619) 7, (11632) 8 (924) 43. (10797) 19. '15131) 25. (12162)13, (9490)8. (15977)29. (18355)33. (14114) 36. (10681)
15. (16340) 39. (12949) 29, (17865) 2, (6618) 15. (7765)
46, (10191) 11.(17028) 44,(914) 30. (17395) 4 (8468) 15, (14055) 40. (7705) 14, (16556) 19, (16543) 42. l 617) 27, (12506» 29. (19328) 16. (7622) 40. (19563) 39. (11640) 2, (18755) 23. (9727) 24. (13536) 22. (13662) 24. (7706) 21, (444) 30, (15851) 32, (15230) 46, ,993) 5, (11176) 16. (10984) 35.(10746) 29,(11313)10. (10447) 38. (14232) 42. (5605) 8. (9277) 24. (10452) 28. (13606)
2. (11025) 2. (15997) 30. (19295) 39, (4986) 50. (13560)
47, (8561) 18, (13412) 29. (18045) 49, (144Z) 7, (11148) 21, (5431) 31, 19574) 45, (837) 31, (16211) 29, (7981) 27, (6192) 2. (14911) 32, (15912) 1, (4442) 17, (19438)
3. (8485) 17, (14348) 44, (15723) 47, (588) 35, (18668) 43, ,5466) 16, (9660) 47, (6603) 9, (15430) 32, (15840) 36, (17853) 42, (8580) 35, (5903) 41, (5370) 17, (7058)
49. (17319) 30, (7085) 23. (1502) 24, (16214) 4, (14769)
32, (8021) 26. (14451) 32. (4771) 46, (18038) 39, (5733)
33, (19138) 31, (9005) 27,(6712) 2, (18191) 40. (6760)
11. (9066)9.(14687) 34, (12542) 48, (17835)25.(14707)
35, (1780) 35, (17121) 2, (3414) 27. Preeksch ismaksa. sctiauas uu anueschcmas schihs sērijas irr iswilktas: 6718, 5772, 15431, 4839, 987, 17706. 2116, 19990. 3348. 2374, 1309, 19573, 16434, 8362. 19496, 1800, 10985, 11432, 707. 13772, 16377, 1504, 4811, 918. 16710. 18397. 16161,4754, 15237, 8416. 108. 16086, 3414, 12026, 7570, 15728, 12518, 10397, 19087, 5441.