Labas laimes lasitajeem!
Pēterburga, 2. lulijâ. Şchodeen, 50. reis islosejot pirmo 5« proz. eekşchejo prehmiju aisņehmumu, leelakee minnesti krita us schahdeem nummureem:
200.000 rubļ. us sehriju 18,348 Nr. 47. 75.000 . „ . 1611 6. 40,000 „ „ . 19,875 . 40. 25,000 . „ . 14.082 . 11. 3 minnesti à 10000 rubļ. us NNr. 5527 42, 10746 22, 12303 5. 5 winesti à 8000 rubļ. us NNr. 639 31. 4552 50, 11232 47, 11.732 47, 14.037 30.
8 winnesti à 5000 rubļ. us NNr. 2578 16. 9809 15, 11680 40. 14965 12, 16424 45. 16545 26. 18313 20. 19389 45.
20 minnestu à 1000 rubļ. us NNr. 935 9. 2670 28. 3998 38. 4140 4i 4470 45, 4804 42, 5283 26. 6803 45. 7253 35. 7433 44. 7457 24, 8487 46, 8737 9, 8756 2,-9741 9, 12116 36, 14996 18' 17688 2, 19142 9, 19675 46.
Winnesti pa 500 rubļeem.
şehr. biļ. şehr. biļ. şehr. biļ. şehr. biļ. şehr. biļ.
132 29 4.626 45 8.455 8 12,272 11 15,664 31
209 31 4.769 13 8,562 3 12,327 17 15,883 32
212 9 4.791 35 8,785 17 12,329 35 15,894 32
240 39 4.826 17 8,840 48 12,329 47 15.968 50
334 44 4,860 47 8,843 25 12,352 44 15,983 10
338 31 4.967 21 8,891 37 12,416 31 15.996 50
375 5 5.013 46 8,949 25 12,541 8 16.048 39
493 29 5.113 48 9,076 38 12,624 46 16,248 21
569 35 5,236 6 9,128 35 12,639 5 16,248 24
719 6 5,364 32 9,167 18 12,667 22 16,349 30
806 41 5,382 17 9,215 22 12,689 35 16.618 13
926 5 5.438 50 9,232 24 12,787 11 16,686 4
1,166 37 5.452 50 9,255 12 12,789 24 16,720 30
1,187 22 5,469 5 9,369 37 12,792 13 16.873 41
1,348 34 5.496 42 9,406 33 12,812 2 16,890 2
1,375 22 5.529 23 9,534 42 12,818 3 16.946 1
1,422 8 5.696 29 9,676 28 12,823 21 17,018 5
1.510 26 5.838 6 9,732 15 12,883 28 17,038 2
1.517 12 5.926 2 9,764 34 13,030 5 17,265 7 1.652 10 6.004 24 9,817 26 13.118 46 17,275 26 1.745 6 6.042 34 9,855 7 13,159 31 17,569 37 1.754 39 6.078 26 10.042 3 13,213 6 17,712 44 1.806 21 6.108 2 10,151 44 13.236 13 17,972 14 1.940 20 6.128 44 10,189 42 13.321 12 17,995 34 1,973 38 6.185 32 10.393 31 13.393 19 18.049 34 2.049 15 6.209 27 10,596 19 13,445 1 18.054 39 2.083 1 6,284 46 10,706 48 13,702 50 18,124 21 2.118 9 6,296 24 10,750 3 13.712 49 18,283 31 2.202 36 6,544 37 10,784 33 13,939 19 18,364 38 2.270 15 6,647 16 10,824 42 13,963 23 18,421 2
2.518 20 6,737 38 10,864 38 13,975 30 18,442 47 2.765 42 6,797 32 10,904 19 14,251 44 18,558 48 2.904 42 6,841 50 10.998 3 14,252 22 18,674 16 2,929 2 6,884 23 11,012 30 14.303 27 18,717 8 2.932 4 7,071 10 11,197 40 14,334 13 18,761 32 2,956 43 7,092 6 11,265 26 14,358 19 18,770 18 3.178 7 7,231 32 11,368 35 14,472 42 18,777 42 3.222 8 7,256 37 11.481 31 14,497 49 18.967 3 3.421 13 7,270 29 11,507 26 14,526 12 18.979 11 3.543 20 7.286 21 11,610 17 14,563 32 19.075 1 3.671 25 7,443 41 11,660 6 14,616 14 19,108 37 3.677 10 7,544 50 11,769 26 14,668 5 19,214 33 3.872 41 7.842 42 11,793 9 14,674 5 19,233 29 3,880 22 7.855 50 ļ 1,821 6 14,711 17 19,240 5 3.909 23 7,919 4 11,916 39 14,722 20 19,253 14 4,161 25 7,928 6 11,988 33 14,841 13 19,306 43 4.291 44 8.043 18 12,079 17 14.964 39 19,628 35 4 367 9 8.119 6 12,080 35 15.027 18 19,809 35 4.413 37 8,237 29 12,096 25 15,083 7 19,913 34 4.485 23 8,357 35 12,186 39 15,473 22 19,919 48 4 561 4 8,412 37 12,223 6 15,638 30 19,932 44 4F04 35 8,451 6 12,234 6 15,653 8 19,972 33
Jsnihzinatas tapa schahdas 64 şehrijas.
213 464 715 752 94 t 1234 1332 2144 2390 2543 2880 2911 3246 3550 3621 3667 3786 4039 4185 4247 4458 4684 5173 5280 5352 5408 5485 5593 5778 5924 6026 6039 6424 6466 6475 6907 7301 7351 7612 7618 7673 8077 8588 9025 9072 9416 9598 9754 9786 9830 10067 10361 10652 10779 10798 10946 11009 11097 11168 11179 11217 11737 11917 12326 12642 12647 12808 13634 13763 13978 14125 14824 14879 15197 15589 16158 16820 16827 17104 17737 17792 17907 18311 18499 18579 18635 19265 19292 19311 19321 19366 19770 19939 19984.