Labas laimes lasitajeem!
Pehterburgâ, 1. Septemben. Şchodeen. 41. reis islosejot otro
s'prozentu prehmiju aisleeņu, winnesti krita us şchahdeem nummureem: 200.000 rubļ. us Nr. 2,690—20. 75.000 – – 1,348—18. 40.000 „ 11.016—2. 25,000 „ „ , 3.261—34.
3 winnesti. katrs 10,000 rubļ. leels, us NNr. 8909—43. 9390 —22, 9366—36.
5 winnefti, katrS 8000 rubļ. leels, us NNr. 7994—24, 6249 —36, 8222—5. 13.059—4. 10.908—9.
8 wmnesti. katrs 5000 rubļ. leels. us NNr. 19.823—6. 13.645
—45, 3460—45, 7051—37, 18,679—44, 8926—9, 16.866—13,
2711 — 22.
20 winnestu. katrs 1000 rubļ. leelS. us NNr. 7860—39, 18.805 —8. 16.865—29. 4026—38, 9612—12. 12.544—33.2706—7. 8715 —2. 8546—31. 12.175-49. 1386—30, 11.312—22.9517—3.8534 —41. 12.569—33. 6559—28. 3364—17. 5457—30. 2523—30,
9318—35.
Winnesti, katrs 500 rubļ.
şehr. biļ. şehr. biļ. şehr. biļ. şehr. biļ. şehr. biļ.
9 13 4069 22 7337 29 11226 50 15415 46
22 7 4150 12 7954 39 11362 30 155 W 15
29 36 4287 47 8294 50 11363 40 15867 1
103 17 4324 27 8307 14 11423 21 15903 28
328 6 4466 3 8326 26 11437 45 16036 31
438 19 4613 23 8357 47 11523 46 16116 30
452 36 4624 44 8403 40 11797 7 16167 20
501 42 4712 27 8421 4 11871 45 16374 26
548 46 4752 14 8423 19 12036 6 16405 31
742 13 4767 16 8501 21 12046 2 16430 40
748 19 4779 45 8526 35 12077 41 16447 8
753 40 4786 24 8529 10 12186 4 16667 27
769 34 4824 47 8605 6 12673 47 16670 18
798 29 4995 27 8639 3 12700 8 16766 23
823 8 5068 19 8679 30 12877 20 16858 30
841 41 5088 50 8736 11 12877 42 16880 34
916 40 5113 37 8846 22 12950 7 16895 40
921 47 5216 17 9047 34 13026 39 17096 31
963 18 5240 37 9057 2 13182 15 17133 47
971 5 598 21 91 !0 8 13268 40 17163 20
1012 24 5305 30 9196 1 13289 43 17227 14
1086 39 5313 2 9241 1 13393 49 17315 4
1221 25 5339 20 9387 38 13598 39 17492 34
1248 43 5631 46 9626 47 13663 10 17510 16
1297 39 5672 6 9715 27 13838 49 17849 12
1316 37 5727 1 9717 1 13856 20 17939 4
1331 16 5945 28 9757 42 13914 4 18003 36
1425 11 6012 35 9843 23 13999 41 18056 16
1437 9 6073 35 9866 42 14026 46 18178 40
1529 7 6099 28 10074 32 14057 13 18276 36
1798 21 6243 1 10080 29 14091 48 18341 34
1869 41 6265 46 10083 40 14169 22 18349 7
2030 4 6270 17 10090 42 14328 35 18531 50
2073 21 6374 48 10210 48 14558 1 18757 15
2327 33 6493 49 10335 11 14631 28 18789 49
2738 50 6601 44 16378 29 14686 34 18866 10
2749 35 6738 5 10464 13 14697 24 18884 1
2828 25 6849 8 10558 15 14729 26 18941 34
2952 45 6928 5 10606 23 14733 44 19014 3!
3019 22 7017 13 10663 24 14780 20 19027 12
3231 14 7070 35 10706 5 14795 14 19084 39
3262 29 7145 33 10795 2 14882 37 19096 48
3293 47 7147 34 10796 41 14901 25 19110 35
3325 28 7171 31 10829 37 14957 17 19138 39
3362 15 7180 44 10871 24 15042 7 19140 21
3402 13 7439 27 10943 34 15148 40 19151 16
3450 48 7483 45 11001 34 15214 1 19202 27
3538 39 7486 8 11022 28 15222 10 19413 29
3590 34 7576 36 11033 30 15222 46 19445 23
3874 41 7626 22 11075 48 15273 1 19507 37
3893 44 7667 8 11143 27 15353 19 19608 28
3957 17 7717 29 11220 19 15355 36 19700 28
Jsnihzinatas tika şchahdas 60 sehrijas:
87, 842, 858, 1158. 1405. 1452. 1908, 1958, 1963, 2466, 2641, 2679, 2695, 2711, 2765, 3183, 3548, 3562. 3730. 3930, 4022, 4125, 4253, 4501, 5065, 5368, 5458, 5466, 5471, 5720, 5880. 6241, 6555, 6588. 6994, 8107, 6253, 8927, 9432. 9446, 9627, 9645. 9888, 9914, 9979. 10,044, 10.061, 10.479, 11.043, 11.085.
11.198, 11,215. 11,427, 11.546, 11,760, 11,793. 12,077. 12.573, 12,723, 12.755,
12.987, 13,602. 13.822. 14.046. 14.481, 14.584, 14.754, 14.835, 14.931, 15,137, 15,243, 16.187, 16.859, 17,235, 17,474, 17.497, 18,565, 19,605, 19,659, 19.755.