1. martā amortizetas
otrà 5 proz. aisņehmuma prēmiju inoienrma -rrosmaņ sērija», katra ar 50 biļetēm:
213 262? 5450 7786 10642 13012 15327 17711 281 2602 5478 7030 10737 13033 15433 18074 300 2720 5665 8008 10870 13034 15475 18277 586 2875 5773 8140 10804 13146 15669 18623
662 3105 5818 8330 10004 13265 15958 18670
663 3161 5899 8490 10979 13363 16048 18755 774 3172 6046 8536 10085 13445 16101 18786 030 3336 6050 8583 11027 13505 16206 18866
1173 3305 6005 8650 11077 13684 16235 18860
1261 3440 6107 8744 11104 13788 16262 18008
1285 3532 6137 8956 11137 13994 16322 19137
1288 3646 6230 8989 11217 14152Ä16422 19218
1329 4052 6627 8994 11256 14187şş 16450 19303
1431 4098 6656 9040 11429 14216 16506 19480
1523 4101 6735 9098 11552 14264 16720 19553
1575 4193 6769 9346 11611 14343Jl 16847 19627
1648 4321 6776 9434 11783 14462 Ş16851 19686
1697 4725 6830 9505 11941 14512 16863 19738
1891 4768 6883 9511 12271 14701 16989 19806
1987 4820 6964 9592 12325 14781 l"075 19922
2140 4010 6056 0716 12482 14825 17084 10024
2146 4056 6078 0882 12406 14855 17150 19932
2321 5070 7101 988« 12501 14859 17157 19973
2353 5149 7107 10040 12617 14863 17358 20000
2401 5383 7345 10200 12655 14035 17300
2417 5308 7410 10260 12828 15012 17613
2477 5424 7779 10310 12875 15214 17701
Par katru biļeti ismakşàs 140 rbļ. malsts bankas kanotros un nodaļās, kà ari rentejâs, kur tahdu nam, sahkot no
1. jūnija ISI2. g.