Labas laimes lasitajeem!
Pehteàgâ, 1. Maijā. Malsts muischneeku agrarbankas prehmiju ķihlu-grahmatas islosejot, winnesti krita us schahdeem nummureem:
200.000 rubļ. us sehr. 9.027 Nr. 50
75.000 „ „ ķ 5.239 . 42
40.000 „ » , 11.378 .50
25Ş , „ „ 5.840 17
3 vinnesti à 10,000 rubļu: Sehr. 9,692 Nr. 2, sehr. 14,303 Nr. 32, . 14,746 , 3.
5 vinnesti à 8000 rubļu:
Sehr. 13,734 Nr. 29, sehr. 2.041 Nr. 14, ŗ 11,547 „ 21, „ 7,430 39, , 13,677 „ 18.
8 vinnesti à 5000 rubļu:
Sehr. 15,174 Nr. l, sehr. 6,794 Nr. 16, , 15,741 . 48, . 15.858 24, ~ 15.080 „ 44, .. 11.297 ~ 19, „ 6.358 „ 39, 11.268 „ 11.
20 vinnestu à 1000 rubļu: Sehr. 6,925 Nr. 30, sehr. 66 Nr. 28, „ 15.112 . 11, „ 15.836 „ 41, „ 2.594 . 1, „ 4.619 „ 9, ŗ 4.335 . 6, ŗ 7.544 „ 5, „ 11.088 . 16, „ 1.107 „ 42, „ 7.764 . 11, 8.605 „ 42, „ 3.081 . 3, „ 15.060 „ S, „ 12.300 . 3, „ 14.899 „ 38, „ 6.983 . 47, „ 10.341 38, „ 2.070 . 47, „ 6.006 , 3. Winnesti pa 500 rubļeem:
sehr. biļ. sehr. biļ. şehr. biļ. şehr. biļ. şehr. biļ. 51 10 2561 12 6539 23 9191 35 12634 33 74 11 3561 45 6566 20 9322 36 12682 34 148 38 3581 39 6581 31 9503 24 12807 39 153 22 3602 21 6640 7 9527 16 12829 14 212 20 3611 6 6688 6 9539 38 12968 17 235 15 3633 6 6732 32 9576 29 13171 8 301 5 3663 24 6809 3 9595 43 13239 26 471 42 3734 13 6820 31 9617 39 13297 6 529 36 3803 34 7094 29 9649 3 13607 36 557 13 3916 5 7126 44 9668 49 13666 23 585 14 4049 16 7188 1 9753 7 13786 5 736 12 4074 46 7221 2 9768 16 13812 17 780 48 4176 10 7230 5 9787 28 13868 46 1010 1 4216 34 7329 42 9885 43 13870 20 1368 35 4269 8 7333 10 10161 50 13881 16 1386 18 4286 49 7403 20 10192 15 13913 18 1395 19 4292 13 7404 37 10289 22 14101 23 1406 40 4326 22 7510 9 10357 15 14127 15 1438 38 4330 9 7529 7 10370 48 14163 48 1512 5 4361 6 7615 22 10463 7 14178 4 1573 40 4512 38 7619 15 10595 4 14224 11 1624 45 4617 36 7619 48 10639 35 14243 12 1628 33 4677 44 7696 35 10746 37 14329 1 1636 43 4731 42 7821 13 10777 1 14341 48 1645 37 4741 24 7831 3 10783 16 14437 21 1654 42 4778 50 7888 35 10785 28 14601 38 1720 17 4795 6 8031 30 10858 27 14758 47 1916 42 4861 36 8090 28 10892 12 14761 7 1947 35 4878 35 8121 23 10954 37 14877 46 1952 1 4904 48 8122 30 ,11102 3 14880 45 2002 27 4936 70 8146 1 '11162 38 14906 41 2025 6 4937 16 8166 6 11348 48 14908 40 2073 13 4990 22 8172 49 11446 20 15008 11 2312 46 5055 4 8189 26 11485 26 15221 21 2354 5 5233 22 8215 2 11637 49 15229 31
2393 11 5336 6 8221 29 11686 35 15319 24
2394 2 5337 50 8282 28 11838 11 15338 37 2404 32 5386 37 8292 5 11903 5 15339 37 2440 9 5426 19 8332 45 11904 14 15345 50 2459 40 5446 45 8401 34 11934 17 15399 4 2683 15 5530 15 8438 38 11963 41 15417 27 2787 22 5652 32 8451 22 12085 10 15506 12 2920 14 5662 8 8492 35 12085 22 15528 21 2964 33 5668 10 8667 29 12178 23 15682 10 3079 22 5705 46 8818 17 12201 24 15750 4 3153 32 5803 7 8845 11 12277 14 15755 3 3233 18 5849 33 8911 34 12322 43 15786 47 3238 38 5982 14 8983 40 12378 18 15787 30 3240 18 6119 41 8992 20 12438 15 15859 31 3347 25 6254 29 9078 16 12467 13 15875 35 3424 29 6294 12 8112 15 12506 30 15922 11 3536 24 6510 37 9116 31 11569 50 15946 11