Labbas laimes lassitajeem !
Pehterburga i. September. Schodeen i 5. minnestu Milkschana no ohtrahs sprozentu malsts aisleeņefchanas biļļetehm fckee nummuri minnejufchi:
200,000 rubļ. fehrija 7936 Nr. 11, 75,000 „ „ 14317 „ 41, 40,000 „ „ 11875 „ 34, 25,000 „ „ 10450 44.
3 Minnesti pa 10.000 rubļ.: fehrija 755 Nr. 25, fehrija 19368 Nr. 12, fehrija 7613 Nr. 21.
5 Minnesti pa 8000 rubļ.: fehr. (15415) Nr. 44/(5650) ' Nr. 19, (515) Nr. 40. (4627) Nr. 25, (3454) Nr. 19.
8 minnesti pa 5000 rubļ: fehr. (11541) 17, (919) 30. (15371) 33, (6119) 4. (10550) 20, (1653) 31, (17928) 45, (18863) 22.
20 minnesti pa 1000 rubļ.: fehr. (1182) 11, (5551) 48, (13219) 13, (6510) 18, (16261) 37, (19753) 15, (17413) 6, (3239) 8, (9122) 31, (16287) 31, (18016) 29. (6242) 46, (13261) 11, (18159) 10. (6282) 31, (1781) 21, (14208) 2, (6981) 2, (7617) 30. (693) 7.
Pa 500 rubļ. Minnesti: (18462) 29, (12870) 31, (7580) 49, (12589) 11, (8680) 28, (10695) 48, (5696) 44. (2521) 13, (10428) 43. (6991) 9, (12030) 36, (12568) 25, (6474)
43, (7729) 46, (15518) 9, (13141) 46, (7860) 25. (4720) 27, (12384) 19, (6087) 11. (8028) 16, (10650) 10, (14171) 45, (19752) 8. (1566) 30, (2452) 42, (16316) 47, (11477)
44. (13916) 27, (6722) 24, (12649) 19. (17866) 11, (4652) 19, (11877) 48. (5744) 23. (198) 11. (15574) 35.(11088) 23. (1890) 2, (4996) 31. (13154) 32, (17752) 29. (8778) 33, (12196) 11, (7869) 33, (2836) 31. (1090) 45. (19925) 29, (3959) 25, (9106) 28, (15758) 30, (19999) 1, (6093) 48. (8604) 21, (18688) 49, (14009) 26, (10404) 11, (2664) 22, (12966) 26, (17306) 41, (13041) 40, (13686) 5, (4230) 8. (16352) 43, (8028) 42. (6046) 36. (19989) 30, (3867) 15, (9301) 46, (10808) 32. (6062) 16, (19929) 15, (6611) 27, (17668) 50, (13457) 26, (5353) 19,(7928) 31, (13741) 27, (18587) 10, (7827) 7, (3557) 15, (17642) 19, (4760) 8. (7651) 14, (5289) 16, (2519) 34, (15661) 34, (3218) 23, (12662) 42, (18933) 10, (17569) 14, (4097) 38. (2373) 4. (14747) 49, (7431) 8, (19648) 26, (12377) 9, (17888) 24, (2302) 22, (147) 40, (2666) 50. (2388) 39, (6864) 37, (12219) 20, (1565) 12, (11163) 14, (9416) 29, (15422) 30, (11477) 4, (8329) 20. (3369) 1 , (9288) 23, (2954) 34, (6391) 4, (1517) 37. (17340) 37, (5235) 35. (4977) 50. (12379) 47, (2008) 5, (12116) 29. (9867) 10, (415) 11, (1543) 11, (18850) 26, (10942) 4. (15280) 45. (8102) 29, (13723) 35. (14790) 32, (12426) 4, (1842) 37, (18843) 29, (W79) 50, (4847) 43, (17975) 45. 16561) 40. (15365) 10. (14248) 11. (13703) 35, (9307) 25. (12202) 50, (908) 46, (5559) 17, (19492) 50, (14848) 50, (18690) 50, (18173) 38. (4648) 46. (9450) 24,(16868) 2, (1220) 43, (9980) 5, (15759) 3, (871)8, (7279) 5, (10814) 11, (14411) 28, (1015) I I, (11564) 4, (12729) 14, (15835) 13, (2122) 34, (2736) 14, (18213) 6, (12794) 42. (16264) 32. (2527) 2, (7468) 43, (12973) 5, (13161) 34, (10275) 38, (15002) 43, (9388) 12, (7697) 5, (18153) 24, (11327) 29, (10888) 37, (12528) 15, (11580) 37, (8281) 16, (16261) 35, (6551) 38, (12557) 2, (7150) 36. (4209) 41, (16545) 7, (4046) 47, (17405) 8, (16861) 15, (1838) 8, (6900) 47, (2568) 34, (13994) 16, (19933) 9. (10860) 38, (15265) 14, (15907) 9. (10980) 6. (54) 28. (3090) 27, (13893) 46, (14377) 45,(4247) 3, (8574) 41, (19459) 42, (6291) 3. (17717) 28. (17423) 3, (14603) 6, (9816) 12. (7008). 31 (18555) 47, (7445) 32, (2589) 25. (8052) 27, (11694) 39, (2536) 41, (8963) 5, (1586) 34, (15182) 23,
(12301) 17, (12220) 42, (6465) 18, (4871) 32, (5751) 39, (8129) 34, (16376) 20. (10551) 18. (17636) 29. (7573) 4. (14539) 23 (16983) 18, (13331) 19, (10453) 7, (2137) 40. (17278) 37, (16939) 46, (14815) 7, (8176) 12, (6524) 35. (15746) 25, (5779) 43, (7408) 41, (4624) 2. (7271) 37, (6351) 12. (10511) 60. (6392) 16, (7227) 44, (13246) 11, (779) 21, (932) 1, (2747) 47, (17256) 10, (11633) 38, (16476) 42, (13420) 11, (9326) 23, (3244) 38.
Jsmaffajamo un isdsehfchamo biķļetu nummuri: 12261, 16990. 13574. 14351. 11393, 11697. 2632. 5537, 8025. 13883, 5208, 14940, 12230, 10981. 15339, 10957. 12439, 12599, 19726, 361, 16557. 15706. 13672. 17956, 10040, 18400, 19832. 12670, 11689,5195,2492. 13120, 1082, 6890, 11730. 18079. 13299, 11909, 15218. 9420, 19576, 12542, 3993, 2382, 18727, 9494, 1902, 3989, 18473, 16838.
Latw. Arvischu apgahdatajs: I. W. Sakranolvicz.