Labas laimes lasitajeem!
Pehterburaà. 1. Mer;à. Şchodeen. 36. reis islosejot otro s&gt;prozentu cekschķigo prchmiju aisleenu. Minnesti krita us schahdcem nummureem: 200.000 rubļ. us Nr. 16.087—13, 75.000 . . . 13.798—11. 40.090 . . . 12.215—10. 25.000 ~ „ . 16.524—37.
3 Minnesti. katrs 10.000 rubļ.. us NNr. 407—31. 10174—5.
1237—41.
5 minnesti. katrs 8000 rubļ.. us NNr. 15383—46, 16315—5. 15925—24. 15076—18, 7236—34.
8 Minnesti. katrs 5000 rubļ.. us NNr. 321—8. 8483—5. 10195—41. 17400—39. 15421—5. 18750—27. 13409—1. 9386 — 10.
20 Minnesti. katrs 1000 rubļ., us NNr. 2541—8. 18743—40, 4684—14. 16071—31. 14322—43, 13531—5. 3536—26. 765—26.
3952—3. 15654—26. 2136—33. 9592—5. 9348—48. 17144—18. 11848—8. 17254—6, 588—34. 14530—39. 17310—8. 6025—37.
Minnesti. katrs 500 rubļ.
şà biļ. . şehr. biļ. şehr. biļ. şchr. biļ. şehr. biļ.
20 2 4218 37 9006 16 12580 10 16674 47
83 ,7 4271 3 9075 25 12606 17 16972 9
118 32 4334 2 9273 33 12859 9 17016 17
255 47 4461 23 9344 9 12941 44 17019 44
268 9 4561 49 9651 28 13000 30 17021 8
371 18 4682 46 9664 40 13179 1 17045 41
39.'» 41 4V25 S0 S7IS 35 1321t « 17046 26
496 34 4950 6 9716 16 13245 18 17165 18
802 28 4991 10 9755 3 13415 8 17168 13
947 20 5022 19 9862 28 13420 44 17171 12
948 46 5046 3 9978 10 13435 45 17188 35 1009 3 5111 33 10034 43 13475 22 17382 32 1093 29 5278 13 10067 40 13591 14 17569 42 1272 37 5453 12 10208 23 13663 6 17592 7 1291 9 5457 1 10223 22 13786 23 17653 46
1370 31 5471 1 10223 31 14010 8 17656 38
1371 42 5710 38 10303 18 14029 7 17775 30 1408 18 5934 27 10430 25 14121 4? 17917 40 1427 11 6051 9 10449 41 14370 29 17933 2 1445 46 6083 35 10505 20 14466 4 18010 47 1449 1 6121 10 10669 29 14467 24 18030 18 1727 49 6143 27 10780 45 14582 21 18131 20 1770 7 6181 14 10783 44 14711 33 18195 35 1914 27 6197 27 10784 9 14715 8 18206 43 1981 15 6379 26 10893 25 14876 18 18276 26 2094 7 6391 6 10911 26 14955 9 18353 22 2431 23 6449 20 10929 16 14970 50 18364 41 2476 22 6629 18 10960 43 15060 37 18430 17 2522 45 6782 14 11041 26 15105 9 18492 49 2707 17 6911 27 11123 14 15118 23 18510 6 2820 42 7035 32 11,76 40 15135 17 18526 24 2955 8 7112 33 11331 11 15192 20 18566 16 2963 10 7183 1 11358 49 15206 6 18673 48 2975 11 7466 II 11364 21 15279 42 18715 45 2977 22 7689 45 11524 31 15326 48 18848 40 3005 36 7706 8 11642 44 15406 26 18904 26 3111 15 7714 15 11834 28 15434 35 18920 35 3191 7 7715 15 12002 20 15474 15 18925 6 3223 15 7732 8 12094 11 15492 8 18954 43 3228 8 7842 15 12184 2 15589 36 18962 3? 3266 45 7848 23 12190 16 15611 8 19001 16 3284 42 8003 48 12243 14 ISV4B 39 19022 29 3391 12 8008 44 12250 32 15668 44 19048 1 3426 48 8093 40 12288 7 15734 42 19132 46 3470 49 8279 31 12377 36 15821 35 19269 26 3588 25 8290 4 12444 40 15834 15 19308 43 3630 16 8324 12 12483 16 15895 10 19410 15 3839 45 8349 48 12490 22 16018 38 19768 13 3852 3 8489 26 12514 9 16053 29 19833 22 3960 13 8640 40 12539 7 16112 30 19976 9 4004 50 8765 4 1Z564 41 16282 10 19980 23 4007 12 8790 41 12568 39 16509 44 19995 32