Labas laimes lasitajeem!
Pehtcrburgâ, 1. Zulijà. Schodeen, islosejot pirmo 5-prozentu prehmiju aisleeņu, winnesti krita us şchahdeem uummureem:
200,000 rubļ. us şehr. 13,465 .V- 17 75,000 „ „ „ 13,837 „ 44 40,000 „ „ „ 14,661 „ 27 25,000 „ „ 857 „ 38
3 winucsti pa 10,000 rubļ. us şehr. 2044 .V? 32, şehr. 5121 .V? 18, şehr. 18,605 8.
5 wiuuesti pa 8000 rubļ. us şehr. 2790 10, şehr. 4983 15, şehr. 5759 .V- 42, şehr. 6896 X- 30, şehr. 13,346 .V- 24.
8 winnesti pa 5000 rubļ. us şehr. 782 .V- 1, şehr. 2950 5, şehr. 4273 .V» 2, şehr. 9091 20, şehr. 14,331 X? 7, şehr. 16,687 48, şehr. 17,325 .V? 7, şehr. 19,632 .V? 38.
20 winuestu pa 1000 rubļ. us şehr. 1579 .V- 7, şehr. 5842 .V&gt; 28, şehr. 5977 .V- 39, şehr. 6427 .V- 31, şehr. 8057 .V» 31, şehr. 8646 .V» 4, şehr. 9445 .V° 21, şehr. 9563 w 7, şehr. 9679 12, şehr. 12,894 K3l, şehr. 13,835 22, şehr. 13,979 .V- 40, şehr. 13,989 à° 40, şehr. 15,302 .V? 17, şehr. 16,290 13, şehr. 16,557 .V? 35, şehr. 17,067 w 2, şehr. 18,711 .V- 35, şehr. 19,086 8 şehr. 19,099 4.
Winnesti pa 500 rubļeem.
sehr. biļ. şehr. biļ. şehr. biļ. şihr. biì. şehr. biļ. 127 17 :&lt;.916 21 I 7.509 12 11.197 29 16.248 4 181 20 Z. 924 25 7.749 46 11.352 36 16.277 44 Z3B 33 4.048 40 7.814 25 11.368 44 16.345 33 281 15 4.057 45 7.837 43 11.482 47 16.359 5 5V7 10 4.077 48 7.897 2 11H88 23 16.483 7 590 34 4.142 27 8.057 32 11.656 48 16.517 10 692 21 4,150 47 8.068 29 11.674 22 16.562 34 718 22 4.252 9 8.103 32 11.808 1 16.566 49 760 13 4.326 7 8.121 47 11.838 34 16.615 32 800 9 4.432 34 8,197 11 11.920 15 16.656 23 802 5 4,494 27 8.274 21 11.966 27 16.685 24 936 3 4.590 24 8.323 26 12.073 33 16.878 42 940 33 4,623 11 8.422 20 1 2,147 46 16.927 11 1.015 23 4.699 41 8.499 22 12,149 25 16.949 19 1.085 42 4,997 16 8.604 27 12,155 44 16.983 3 1.127 50 4.997 35 8,692 45 12,215 42 16.992 2 1.354 18 5.0V6 38 8.721 19 12.238 25 17.235 10 1.422 18 5.029 37 8.775 23 12.449 9 17.353 48 1.461 34 5.117 31 8.832 37 12,543 37 17.380 6 1.467 26 5.157 2 8.921 32 1 2.579 2 17.402 6 1.489 23 5.276 5 8.946 29 12.600 15 17.563 40 1.525 36 5,403 7 9.003 11 12.603 16 17.592 38 1.565 4 5.451 31 9.146 3 12.668 29 17.680 14 1.596 24 5.531 17 9.246 9 12,881 12 18.066 50 1.714 13 5.542 13 9.256 41 13.053 45 18.128 24
I, 966 II 5,560 43 9.268 22 13.227 5 18.149 41 2.041 ,9 5.638 27 9.288 41 13.269 13 18.234 32 2.193 31 5.640 36 9.306 23 13.297 I 18,334 34 2.456 3 5.675 45 9.455 25 13.329 12 18.453 21 2.475 30 5.763 7 9.526 7 13.371 37 18.459 I I 2,475 33  7 9.533 10 13.372 37 18.508 27 2.521 38 5M3 40 9.602 37 13.378 17 18.515 38 2.667 44 5.882 39 9.673 3 13.667 28 18,536 18 2,724 9 5,991 10 9.674 10 13.947 9 18,540 40 2,695 33 6.018 29 9.689 42 13.987 12 18.792 37 2.992 15 6.056 49 9.801 ş0 13.993 9 18.823 3ļ 2.999 29 6.091 16 9.602 42 14.012 5 18.973 3 3.013 38 6.145 39 9.944 28 14.170 21 19,021 18 3.048 12 6.393 50 10.019 3 14.213 49 19.035 8 3.130 36 6,599 46 10,525 30 14.615 29 19.081 14 3.166 4 6.607 35 10.533 20 14.713 12 19.112 15 3.173 46 6.610 41 10.549 37 14.765 31 19.289 19 3.165 17 6,772 5 10.562 15 14.953 16 19.368 45 3.206 29 6.867 1 10.565 31 15.154 I I 19.529 27 3.283 18 6.667 28 10.679 23 15.243 32 19.608 25 3.442 37 6.870 34 10.759 3 15.539 33 19.641 20 3,557 44 6.885 43 11.006 22 15.549 2 19.828 35 3,770 1 6.910 9 11.006 47 15.587 26 19.877 9 3,798 38 7.057 36 11.059 28 15.738 29 19.897 25 3.832 46 7.121 34 11.121 28 15.752 47 19.906 47
3.881 32 7.233 21 11.122 8 16.127 12 19.970 40
3.882 30 7.314 16 11.131 23 16.213 42 19.973 28
JsnihzinataS tika şchahdaS 104 şehrijaS: 356. 516.897.971.1103. 1199. 1284. 1721.1938. 2121. 3088. 3390. 3646. 3696. 3898. 3980. 4065. 4207. 4302. 4415. 4423. 4467. 4700. 4932. 4998. 5125. 5619. 5847. 5991. 6077. 6626. 6657. 6935. 7053. 7221. 7297. 7584. 7668. 7872. 7983. 8409. 8658. 8794. 8940. 8958. 9261. 9414. 9667. 9877. 10.039. 10.243. 10.790. 10 756. 10827. 10.912.
11. 511. 11.665. 12.771. 12.806. 12.899. 13.111. 13.192. 13.194. 13.736. 13.892. 14.043. 14.355. 14.552. 14.619. 14.648. 14.656. 15.071. 15.093. 15.157. 15.242. 15.267. 15.624. 15.699. 15.705. 15.861. 16.174. 16.274. 16.913. 16.928. 17.006. 17.319. 17.322. 17.524. 17.648. 17.954. 17.ì«.'.. 18.109. 18.149. 18.328. 18.361. 18.756. 18.773. 19.315. 19.317. 19.475. 19.476. 19.594. 19.641. 19.912.