Labas laimes lasitajeem!
Pehterbnrgà. 2. Zanwari. Schodeen, islosejot pirmo 5 prozentu prehmiju aisleeņu, roinnesti krita us şchahdeem nummureem:
200.000 rnbļ. n, Nr. Z. 199—20. 75.000 . . „ 8.853-13. 40.000 . „ „ tO.ZZO-9. 25.000 „ . .. 1545—44.
3 Vinnesti. katrS I0.0"&gt; rubļ. leelS. ns Nr. 4671—9. 493—41, 9418—22. 5 winnesti. katrS 8000 rubļ. lttļs. us Nr. 1492—32. 11836-46, 4522—26. 18504—32. 12300-18.
8 winnesti. katrS 5000 rubļ. leels. us Nr. 7759—5. 14696—31. 13206—17. 3384- 9. 5304—20. 9524—28. 11113—15. 19554-29.
20 tvinnesti, katrs 1000 rubļ. leels. us Nr. 4379—17, 12728—18, 7832—21. 12600—47. 16.991—40. 11654-14. 7589-46. 9333-6. 10915—16. 15861—41. 3517—44. 13711—33. 13189-.2. 19076 40. 8386—47. 15476—39. 9015—13. 14860—12, 15553-1, 4814—33.
Winnesti pa 500 rubļ.
şehr. biļ. sehr. bit. şehr. biļ. şehr. biļ.
123 45 4.993 17 9.537 12 14.867 12
264 34 5.004 5 9.610 33 14.895 42
264 37 5.018 49 9.67 &gt; 33 14.933 39
302 27 5.120 29 9.713 5 15.097 27
316 29 5.221 40 9.955 20 15.098 24
338 17 5.315 2, W. 640 43 15.163 42
 8 5.502 35 10.757 19 15.222 8
571 8 5.694 42 10.843 4 15.304 14
701 45 5,746 37 10.949 26 15.368 3
704 7 5.791 21 10.963 49 15.477 24
1.036 40 5.825 26 10,994 18 15.481 42
1.154 10 5.843 46 11.094 31 15.583 20
1.234 16 5.854 50 11.100 26 15.733 21
1.361 22 5.913 14 11.106 49 15.833 38
1.387 42 5.928 19 11.156 12 15.985 27
1.394 4 3 5.97 1 32 11,22 2 22 15.994 31
1.403 34 6.124 34 11.268 25 16.141 42
1.740 22 6.227 40 11.277 34 16.176 43
1.839 33 6.335 9 11.317 46 16.234 2
1,845 37 6343 44 11.333 2 16.405 10
1.898 39 6.441 24 11.470 37 16.418 1
1.918 22 6 455 47 11.483 29 16.468 4
1,940 25 6,496 39 11.493 40 16.606 6
1.948 39 6.575 39 11,576 3 16.683 39
1.953 28 6.679 46 11.612 īd 16.709 35
2.054 3 6.700 39 11.616 43 16.812 36
2.079 18 6.720 38 11.671 44 16.878 15
2.138 46 6.771 50 11.725 21 16.949 38
2.225 9 6,890 15 11.734 38 17.010 22
2.402 8 6.905 41 11.755 50 17.052 19
2,637 48 7.146 1 11.904 4 17.287 31
2.712 32 7.225 48 12.045 36 17.388 40
2.756 27 7.272 39 12.070 48 17.439 35
2. 3t 7.298 I 12.107 7 17.477 31 2.831 10 7.484 I 12.393 1 17.574 15 2.863 1 7,550 2 12.448 27 17.680 21 2.965 49 7.694 32 12,539 I 17.803 39
3.002 14 7.706 46 12.639 2 17.v1! 41
3.003 22 7.718 33 12.703 41 17.862 26
3. U8 20 7.804 23 12.815 11 17.945 8 3.434 I 7.855 33 12.828 9 1 7.983 9 3.489 19 7.898 29 12.866 28 17.992 14 3.540 32 8.011 3 12.886 2 18.006 30 3.558 10 8.048 49 12.98 3 18.173 45 3.637 33 8.080 19 12.958 27 18.215 38 3 725 49 8.283 45 13.157 8 18.230 27 3.v50 17 8.382 6 13.224 26 18.381 8 3.956 3 8.431 35 13.284 29 18.414 25
3 970 47 8.559 28 13.295 24 13.432 13
4 058 5 8.584 36 13.440 3 18.619 37 4 073 28 8.586 3 13.748 44 18.629 26 Ģ4 47 8.699 12 13.766 8 18647 45 4.148 I 8.700 43 13.887 32  50 4.193 45 8845 34 13.938 42 18.795 20 4 271 29 8.881 35 IşoBl 17 18.824 45 4554 42 8.988 42 14.169 22 18.864 27 4560 8 . 8.990 47 14.205 5 19.026 26 4V20 22 9.066 31 14.2"&gt; II 1U.147 38 47,0 24 9.078 8 14.439 21 19.264 19 4 740 27 9.138 20 14.533 45 19.336 50 4800 19 9.355 15 14.557 41 19.388 12 4.800 48 9.400 45 14.572 4 19.653 4 4 836 49 9.431 2 14.639 46 19.759 34 4 840 20 9.492 38 14.729 42 19.854 31  43 9.532 6 14.857 īd 19,974 2
Jsnihzinatas tika schahdas 84 sehrijaS:
216 714 903 945 1083 1239 1570 1662 1659 1808 1821 1892 1933 1985 1988 2190 2217 2478 2499 3036 3347 3505 3718 4290 4617 4627 4719 4996 5233 5468 5938 6710 6877 7277 7690 7773 7964 8035 8418 8564 8601 9089 9317 9554 9888 10292 10400 11380 11617 11780 12176 13092 13205 14036 14383 14444 14600 14773 15087 15475 15586 16638 16808 168d1 16926 16954 17324 17347 17390 17483 17741 17880 18317 18327 18776 18836 18891 19148 19346 19468 19539 1956 V 19783 19813.