Tirdzneeciba.
2. janwara islosejumâ amortisetas
şekoşchaS I. (1864. gada) premisu aisņehmuma btteschu sērijas, katrā pa 50 biļetēm:
«5 1706 4203 0191 8736 11105 14090 17137
119 1754 4242 6192 8792 11123 14195 17179
131 1810 4333 6244 8810 11162 14279 17212
252 1826 4345 6286 8839 11262 14306 17393
302 2059 4396 6326 8968 11309 14529 17422
319 2ÏÌO 4495 6680 9123 11317 14560 17525
343 2188 4551 6683 9153 11521 14616 17690
352 2192 4555 6774 9155 11(500 14741 17709
366 2489 4597 «784 9207 11689 15022 17813
405 2512 4628 6793 9210 11819 15106 17834
471 2559 4722 6843 9361 12171 15166 18370
588 2689 4745 6892 9418 12174 15224 18566
656 2771 4789 7010 9589 12221 15297 18616
671 3206 4824 7054 9595 12296 15428 18632
734 3268 4897 7056 9607 12579 15464 18653
760 3355 5000 7199 9942 12672 15715 18713
805 Hll 5004 7295 10054 12675 15729 18741
811 3475 5069 7401 10189 12758 15894 18902
815 3540 5138 7414 10272 12999 15908 19052
832 37« 5151 7480 10328 13056 15981 19077
838 3848 5237 7564 10426 13063 16048 19113
944 3856 5273 7676 10508 13119 16237 19161
1046 3884 5463 7701 10540 13134 16355 19281
1072 4035 5554 7804 10640 13163 16446 19340
10HO 4072 5595 7894 10764 13328 16460 19364
1156 4125 5702 7961 f&lt;W6B 13544 16535 19408
1205 4147 6030 6130 10897 13551 16657 19590
139s 4155 6034 8221 10906 13658 16753 19614
1494 4162 6086 8228 10989 13801 16784 19731
1536 4182 6095 8621 11043 13993 16846 19948
1644 4195 6171 8729 11075 14085 16965 19992
Par katru amorīiseto biļeti ismatşàS 140 rubļus malsts bankā, taS kantori un nodaļās, maj ari
rentejâs, kur malitS bankas eeftohfchu nam, şahkot no 1. apriļa 1914. g.