Wehlam labbas laimes!
Pchterburģs, 2. Merz. Mnnestu milķfchana no ohtras 5 prazentu malsts aisleenefchauas biļļetehm fchee nummuri win« .nejufchi:
200,000 rubļ. sērija (14525) Nr. 9. 75,000 rubļ. sērija (4542) Nr. 1. 40,000 rubļ. ser. (1103)Nr. 1. 25M0 rubļ. ser. (6686) Nr. 39. Pa 10,000 rubļ. Minnejufchi : (11740) 12, (8061) 33, (8384) 19. Pa 8000 rubļ. minnejuschi: (18658) 37, (8610) 33, (15426) 49, (18663) 27, (7669) 3. Pa 5000 rubļ. minuejuschi: (12695) 2, (2490) 49, (1569) 37, (462) 38, (19401) 33, (14505) 27, (4965) 21, (16474) 49. Pa 1000 rubļ. wiņnejuW: (16495) 14, (16590)47, (1030)
34, (17264) 41, (17847) 33, (10134) 35, (3080) 27, (17911)
40, (18593) 28, (13103) 39, (11230) 34, (1895)24, (157) 2, (12197) 30, (7043) 9, (5325) 20, (5712) 10, (10971) Ģ (17820) 14, (8322) 9. Pa 500 rubļ. mumejuschi: (14185) 27, (2380) 20, (5986) 9, (16124) 14, (17793) 36, (11813)
24, (7934) 45, (14203) 39, (8345) 17, (2005) 39, (5-182) 12, (3763) 30, (15136) 31, (4078) 46, (9179) 16, (7476) 16, (6201) 24, (15712) 7, (9352)27, (16465)42, (10041) 11, (10745) 27, (6178) 14, (7180) 23, (14876) 9,'(859) 10, (2110) 41, (11785) 30, (1255) 22, (1003) 35, (4849) 25. (7134) 42, (3420) 24, (8566) 27, (444) 19, (4644) 14, (1266)
35, (5456) 32, (1739) 33, (18984) 9, (2882) 40, (2455) 48, (17745) 31, (8920) 28, (14973) 32, (10784) 2, (8057)30, (11661) 36, (15554) 13, (19663) 16. (11521) 41, (5945) 6, (11046) 8, (186) 39, 4286) 42, (14948) 2, (15368). 18, (1676) 37, (18956) 43, (11370) 44, (17856) 9, (3430) 4, (962) 21. (3020) 48, (17592) 38, (18921) 39, (19200) 49, (4365) 42 , (11593) 9, (10092) 43 , (261) 33, (3130) 19, (12928) 4, (1859) 45, (9014) 16, (9426) 25 , (2036) 18, (545) 2, (2840) 47, (15801) 14, (12463) 26, (16684) 27, (13794) 31, (11204) 47, (13521) 30, (19870) 47, (4742) 37, (19733) 35,(18350) 59, (7075) 33, (17982) 31, (11617) 16, (11021) 46, (13772) 27, (9023) 14, (11326) (10507) 38, (4361) 19, (11173) 38, (9997) 11, (17879) 46. (12706)
25, (7099) 14, (18513) 32, (9754) 11, (13930)4, (16530) 44, (17542) 38, (15703) 23, &lt;14039) 33, (9159) 37.(18809) 29, (15439) 10, (12233) 2t, (11526) 48, (10196) 43, (4118)
41, (12848) 48, (19469)42, (8911) 9, (8295) 20, (540) 25, (19509) 44, (17274) 28, (5073) 19, (Z9858) 47, (14474) 21, (16065) 32, (9964) 4, (8413) 36, (61-41) 1, (10912) 47, (19287) 17, (9026) 43, (1041) 24, (8999) 50, (10988) 8, (11329) 33, (19602) 25, (10502) 14, (4611) 4, (6368) 25, (2479) 29. (14572) 13, (10103) 4, (12570) 24, (18234) 23, (3963) 5, (12020) 46, (9762) 4, (13078)50, (2336) 4, (11198) 46, (2669) 48, (17913) 6, (12229) 33, (9689) 36, (10480) 14, (18038) 30, (2853) 19, (1569) 22, (9773) 45,. (13037)
45, (7264) 50, (13540)18, (1465) 40, (13910) 14, (13692) 49, (1149) 19, (14240)5, (1446) 14, (15752)31, (6550)
– 20, (10293) 48, (7301) 36, (284) 29, i14583)32, (14940) 6, (8602) 12, (1995) 5, (657) 34, (15397)23, (17870) 49,
(3079) 38, (9553) 49, (12998) 40, (14440) 45, (19183) 12, (18414)45, (18801) 25, (16542) 18, (2947)46, (7981) 48, (11478) 20, (15493) 36, (19754) 15, (17736) 4, (7121) 26, (15710) 45, (19625) 45, (8632) 17, (12398) 44, (14272) 10, (4790) 22, (5535) 49, (10766) 22, (13918) 29, (3538) 10, (12362) 9, (13715) 14, (3468) 34, (12091) 20, (11850) 32, (7344) 19, (1190) 5, (1514) 32 . (10098) 21, (12742) 18, (4607) 39, (8008) 20, (7783) 35, (19749) 24, (8574) 41, (8244) 28, (14590) 39, (9586) 44, (975) 14, (15133) 22, (4394) 47, (12882) 31, (868) 44, (10371) 41, (5017) 27, (14284) 5, (15886) 26, (8098) 5, (9935) 45, (5700) 23, (12129) 18, (18267) 22, (6516) 15, (1540) 12, (13203( 49, (421) 20, (19712) 24, (3364) 35, (15031) 6, (14901) 25, (12879) 35, (417) 33, (3396) 18, (18305) 19, (6339) 30, (5182) 33, (7149) 8, (5342) 2, (19936) 36, (8831) 13, (7619) 28, (5684) 15.
Jsmakfajamo un isdsehfchamo Metu nummuri: 8140, 8944, 9418, 3565, 16177, 12083, 10528, 1428, 14347, 995, 23, 12262, 16512, 15073, 3279, 18815, 15772, 18676, 2535, 5520, 17676, 4259, 4637, 7782, 15876, 15872, 7276, 2105. 15160, 17129, 19952, 12408, 5780, 3383, 18116, 3498, 1929, 17199, 10687, 10968, 12808, 17748, 1270, 18448.