īleem.
Labas laimes lasitajeem!
şehr. biļ.
58 7 111 44 211 4 240 45 334 15 414 47 487 42 523 20
 31
541 15 575 25 635 44 717 39 845 8 887 3 936 35 950 28 991 21 1.042 7 1,356 39 1,377 29 şchr. biļ. 2,940 8 2,977 8 2,997 40 3,051 14 3,165 1 3,365 38 3,477 29 3,484 48 3,561 44 3,578 43 3,675 42 3,771 27 3,913 6 4,002 16 4,256 22 4,407 27 4,622 40 4,724 11 4,780 18 4,947 35 4,994 37 (Beigums.)
iiinesti pa 500 rul
schr. biļ. 7,110 28 7,157 25 7,237 48 7.313 2 7,335 31 7,353 39 7,520 10 7,572 44 7,746 25 7.812 9 7.945 28 8,122 40 8,171 46 8,281 35 8.400 27 8,434 11 8,515 19 8,525 23 8.584 11 8,679 44 8,714 47 īleem.
selir. biļ. 10,567 43 10,581 36 10,669 37 10.854 17 10,936 26 11,049 13 11,049 40 11,112 13 11,115 43 11,196 4 11,451 2 11,460 45 11,537 44 11,557 37 11,605 12 11,719 15 11,742 49 11,757 20 11,817 27 12,034 41 12,329 15 ! şehr. biļ.
15,209 33 15,316 47 15.353 45 15.486 49 15,662 38 15,722 25 15,739 11 15,778 40 15.792 20 15,853 15 15,929 25 16,018 25 16.048 36 16,334 11 16,379 26 16,545 49 16,567 41 16,590 33 16,783 38 16.823 44 16,885 42
şehr. biļ.
58 7
111 44
211 4
240 45
334 15
414 47
487 42
523 20
 31
541 15 575 25 635 44 717 39 845 8 887 3 936 35 950 28 991 21 1.042 7 1,356 39 1,377 29
şchr. biļ. 2,940 8 2,977 8 2,997 40 3,051 14 3,165 1 3,365 38 3,477 29 3,484 48 3,561 44 3,578 43 3,675 42 3,771 27 3,913 6 4,002 16 4,256 22 4,407 27 4,622 40 4,724 11 4,780 18 4,947 35 4,994 37
(Beigums.)
iiinesti pa 500 rul
schr. biļ. 7,110 28 7,157 25 7,237 48 7.313 2 7,335 31 7,353 39 7,520 10 7,572 44 7,746 25 7.812 9 7.945 28 8,122 40 8,171 46 8,281 35 8.400 27 8,434 11 8,515 19 8,525 23 8.584 11 8,679 44 8,714 47
selir. biļ. 10,567 43 10,581 36 10,669 37 10.854 17 10,936 26 11,049 13 11,049 40 11,112 13 11,115 43 11,196 4 11,451 2 11,460 45 11,537 44 11,557 37 11,605 12 11,719 15 11,742 49 11,757 20 11,817 27 12,034 41 12,329 15 !
şehr. biļ. 15,209 33 15,316 47 15.353 45 15.486 49 15,662 38 15,722 25 15,739 11 15,778 40 15.792 20 15,853 15 15,929 25 16,018 25 16.048 36 16,334 11 16,379 26 16,545 49 16,567 41 16,590 33 16,783 38 16.823 44 16,885 42
şehr. biļ. 1.533 43 1.540 2 1,549 3 1,572 34 1.614 11 1,686 49 1,884 18 1,896 43 1.957 33 1.988 9 2,038 49 2.046 33 2,128 6 2,178 38 2.212 26 2,287 1 2,310 42 2,407 45 2,409 34 2,415 50 2,420 37 2,425 38 2,427 4 2.488 11 2,527 31 2.553 45 2,618 39 2.690 40 2,701 21 2,741 50 2,908 25 şehr. biļ. 5,099 1 5,213 38 5,218 29 5,314 45 5,324 37 5,394 7 5.499 10 5,826 4 5,841 20 5,844 46 5.866 40 5.946 3 5.971 17 5,995 39 6,049 47 6,089 38 6,114 17 6,125 4 6,246 46 6.385 27 6.386 14 6,535 43 6.540 24 6,662 35 6,764 6 6,777 19 6,852 2 6,914 31 6,918 49 6,982 11 7.058 38 şehr. biļ.
8,725 47 8,893 4 8,972 21 8,978 33 9,108 50 9.193 18 9,296 48 9,492 38 9,519 14 9,551 38 9,554 36 9.565 44 9,602 48 9,628 35 9,644 46 9,666 48 9,748 26 9,808 5 9,832 42 9,903 41 9,920 16 9,978 48 10.004 44 10,054 21 10,072 37 10,160 5 10,180 49 10,393 33 10,494 37 10.514 5 10,548 13 şehr. biļ.
12,348 28 12,400 27 12,470 45 12,649 33 12,662 14 12,946 21 13,016 36 13.039 12 13,080 40 13,448 45 13,483 9 13,513 15 13,572 24 13,572 15 13.771 11 13,819 18 13,902 8 13,986 42 14,255 6 14,268 20 14,281 26 14,424 30 14,450 31 14,523 7 14,528 23 14,690 7 14,702 9 14,714 37 14,950 6 15,054 35 15,173 40 16,915 49 17,049 29 17,088 40 17,166 21 17,222 20 17.244 48 17,302 46 17,479 34 17.504 26 17.603 34 17.656 46 17.741 35 17,744 15 18.137 6 18,502 29 18.616 33 18,726 47 18,734 3 18.783 31 18.784 44 18.831 9 18,900 40 18,957 7 19,098 35 19,160 2 19,173 4 19,295 12 19,369 7 19,708 46 19.742 27 19,778 48
şehr. biļ.
5,099 1 5,213 38 5,218 29 5,314 45 5,324 37 5,394 7 5.499 10 5,826 4 5,841 20 5,844 46 5.866 40 5.946 3 5.971 17 5,995 39 6,049 47 6,089 38 6,114 17 6,125 4 6,246 46
6.385 27
6.386 14 6,535 43 6.540 24 6,662 35 6,764 6 6,777 19 6,852 2 6,914 31 6,918 49 6,982 11 7.058 38
şehr. biļ.
1.533 43 1.540 2 1,549 3 1,572 34 1.614 11 1,686 49 1,884 18 1,896 43 1.957 33 1.988 9 2,038 49 2.046 33 2,128 6 2,178 38 2.212 26 2,287 1 2,310 42 2,407 45 2,409 34 2,415 50 2,420 37 2,425 38 2,427 4 2.488 11 2,527 31 2.553 45 2,618 39 2.690 40 2,701 21 2,741 50 2,908 25
şehr. biļ. 12,348 28 12,400 27 12,470 45 12,649 33 12,662 14 12,946 21 13,016 36 13.039 12 13,080 40 13,448 45 13,483 9 13,513 15 13,572 24 13,572 15 13.771 11 13,819 18 13,902 8 13,986 42 14,255 6 14,268 20 14,281 26 14,424 30 14,450 31 14,523 7 14,528 23 14,690 7 14,702 9 14,714 37 14,950 6 15,054 35 15,173 40
şehr. biļ.
8,725 47 8,893 4 8,972 21 8,978 33 9,108 50 9.193 18 9,296 48 9,492 38 9,519 14 9,551 38 9,554 36 9.565 44 9,602 48 9,628 35 9,644 46 9,666 48 9,748 26 9,808 5 9,832 42 9,903 41 9,920 16 9,978 48 10.004 44 10,054 21 10,072 37 10,160 5 10,180 49 10,393 33 10,494 37 10.514 5 10,548 13
16,915 49 17,049 29 17,088 40 17,166 21 17,222 20 17.244 48 17,302 46 17,479 34 17.504 26 17.603 34 17.656 46
17.741 35 17,744 15 18.137 6 18,502 29 18.616 33 18,726 47 18,734 3
18.783 31
18.784 44 18.831 9 18,900 40 18,957 7 19,098 35 19,160 2 19,173 4 19,295 12 19,369 7 19,708 46
19.742 27 19,778 48