Wisjaunakahs sinas.
Seemeļa telegr.-agentura.
Odefà, 10. Merzâ. Şibirijas dselsszeļa buhwetaji şchodeen us kreisera  aisbrauza projam.
Wihnê, 22. (10.) Merzâ. „Armeeverordnungsblatte" siņo. ka ķeisars eezehlis 11. ulanu reģimentes palkawneeku, Keisarişko Augstibu Leelfirftu Pahwilu Alckşirndrowitşchu, par 63. kahjneeku reģimentes preekşchneeku.
Parisê, 22. (10.) Merzâ. Şchodeen pehz pusdeenas presidents Karno's apşkatija Pualpo'a panorāmu, kura israhda Kreewu Keisara Majestetes kroneşchanu Maşkawâ. Karno s nowehleja Pualpo'am laimi par jauko darbu, kuŗşch no jauna peerahdot. zik labi Franzijà pasihstot Kreemiju.
Romā, 23. (11.) Merzâ. Diplomātiska şatikşme ftarp Itāliju un ķehniņu Meneliku pahrtraukta. tapehz ka nemareja galigi meenotees pahr Italeeşchu.Abesineeşchu nolihgumu. Italeeşchu şuhtnis. grahfs Antoncli's. atftahja Abeşiniju.
Berlinè, 23. (11.) Merzâ. Wakar notika pamata likşchana ķei. sara Wilhelma peemiņai zeļamai basnizai Berlines reetrum'daļa. Pee pamata likschanas bija klaht pats ķeisara pahris.
Belgradê, 23. (l l.) Merzâ. Pret Garaşchaņinu ussahkta tecşas
ismekleşchana Markowitşchas un Kuitşchaņinas leetâ. „B. W."
Pehterburgâ, 4. Merzâ. Şchodeen. 50. reis islosejot otro 5-proz.
eekşchejo prehmiju aisieeņu, masee winnesti krita us şchahdeem nummureem:
Winnesti pa 500 rubļcem.
şehr. biļ. fthr. biļ. şehr. biļ. seļM. biļ. şehr. biļ.
91 9 3L30 22 8.283 23 12.749 39 16,104 50
98 37 3.834 5 8.444 13 12.804 40 16.114 1
99 36 3,834 30 8.557 34 13.028 31 16.319 6 143 1 3.877 4 8.742 33 13.091 14 16.523 48 176 47 3,885 28 8.766 5 13,158 28 16.613 39 234 45 4,029 8 8.878 2 13.281 48 16.661 6 342 31 4,031 1 8.948 43 13.619 46 16.681 39 408 41 4,388 44 8.962 48 13.620 15 16.709 16 421 35 4.443 3 9.185 5 13.725 7 16.767 12 429 18 4.454 2 9.237 20 13,801 42 16,941 49 502 50 4,495 3 9.410 12 14.063 47 16.961 47 558 31 4,579 14 9,503 12 14.167 30 17.097 17 570 8 4.728 20 9.520 12 14.235 29 17.121 33 596 17 4,780 36 9.575 47 14.282 26 17.131 16 623 47 4,864 5 9.657 32 14.368 17 17.152 1 625 48 5,002 24 9.669 17 14.377 11 17,192 42 638 31 5.178 38 9.777 39 14.384 4 17.194 29 767 25 5.251 14 9.784 7 14.411 32 17.543 17 836 21 5.314 10 9,937 8 14,456 12 17,545 9
1,063 12 5.331 1 10.130 23 14.469 24 17,626 9
1,070 17 5.339 33 10.153 23 14.629 20 17.749 21
1,114 29 5,468 26 10,417 10 14.643 6  14
1.153 12 5.505 27 10.480 28 14,768 8 18,009 40
1,277 1 5.643 23 10.513 46 14L16 13 18,028 50
1.554 25 5,712 5 10.576 27 14,867 33 18.049 49
1,665 36 5,716 48 10.635 14 14.917 8 18,129 23
1.670 28 5.931 36 10.917 22 14.941 7 18.375 3
1,720 10 6.011 32 10.990 13 14.942 24 18,517 13
1,753 27 6.0»9 10 11.074 27 14.988 8 18.610 40
1.879 29 6.120 14 11.237 38 15.032 9 18H45 4
1.930 II 6.177 44 11.359 21 15,127 1 18.906 21
1,962 49 6.281 33 11.484 46 15.180 18 18,937 17
1.992 19 6,351 36 11,495 17 15,199 4 18.988 20
1.992 23 «,375 21 11,668 26 15.325 40 18,990 44
2.140 18 6.411 27 11.769 44 15.350 43 19.121 48
2.388 26 6,530 36 11.792 18 15.355 26 19,148 40
2.419 49 6.622 45 11.794 I 15,357 16 IS,ZVI 4
2,488 I I 6,664 14 11.819 24 15.395 22 19.325 33
2,544 24 6,693 23 11.917 29 15,486 39 19.325 35
2.644 37 6.796 25 12.068 8 15,508 39 19.329 35
2.723 44 7,117 14 12,081 19 15,574 35 19,388 28
2.724 5 7,271 27 12,136 36 15.620 17 19.414 12 2.875 3 7.466 2 12,324 11 15.641 9 19.473 34 3,304 N 7.503 1 12,374 49 15,694 21 19.484 17 3.351 21 7.694 8 12,391 5 15,708 1 19,489 7 3.362 49 7.707 7 12.448 3 15,882 50 19.505 25 3.394 10 7.715 34 12.462 24 15,939 21 19.633 38 3,556 44 7,779 22 12.518 13 15.950 16 19,695 49 3.591 4 7.966 42 12.610 27 15,952 19 19,715 19 3.634 7 8.021 32 12,646 14 15,963 15 19,933 37 3,719 46 8,138 39 12.676 4 16,073 34 19.957 12 3.819 7 8,205 44 12.680 33 16,083 14 19.984 24
JsnihzinataS tapa şchahdaS 94 şehrijaS:
420. 661, 756, 1409. 1483, 1803, 2472. 2644. 2638. 2900. 3109, 3205, 3369, 3598. 3603. 3665. 4057, 4368. 4894, 5052. 5712. 5753. 6017, 6029, 6145, 6280, 6450, 6668, 6813, 7053. 7976. 8053. 8313. 8331. 8445, 8575, 9273, 9375, 9552,
9913. 10090. 10341. 10426. 10440, 10685. 10879. 11285. 11511. 11674. 11717,
11879. 11940. 12007, 12133. 12772. 12843. 12933, 12W4. 13361, 13103. 13668.
13813. 13832. 13894, 13897. 14135. 14737. 14907, 15313, 15316, 15559, 15619.
15709. 15813, 15874. 15879, 16110, 16845, 17050, 17095. 17287, 17420, 17581,
17618, 17787, 18498, 18635, 18766, 18859, 18879, 19111, 19432, 19483, 19969.