Pirmā prehmiju aizņehmuma 74. izlozejuma winnesti.
Papildinot pagahjuşchâ nummurâ nodrukāto sinojumu par augstākiem winnesteem. paşneedsam şche rocrjl pehz Gas.'* sarakstu par 500 rbļ. winnesteem un amortisetàm şerijàm.
Winnesti à 500 rbļ. krita us şekoscheem nummureem:
Şer. Biļ. Ser. Bik. Şer. Biļ. Ş.r. Bit. Şer. Biļ.
36 29 37 И39 7926 30 11627 9 16155 43
71 37 3711 42 7943 8 11644 29 16177 10
130 12 3841 29 8023 30 11727 39 16423 27
164 49 4046 50 8028 26 11895 20 16439 16
239 42 4179 11 8244 15 11945 23 16459 3
268 42 4333 29 8269 36 12006 8 16512 13
271 47 I 4557 19 8403 31 12056 36 16673 5
358 20 4591 50 8441 20 12225 11 16737 46
405 34 4667 24 8673 27 12338 11 16776 45
423 38 4749 28 8821 31 12') 13 25 16781 14
438 33 4764 37 8906 16 12558 30 16800 18
466 8 4776 43 8942 31 12635 30 16332 43
481 17 4810 7 8966 26 12680 12 16943 5
506 45 4863 9 8970 19 12937 43 16991 21
596 14 5017 36 9043 50 12952 39 17080 49
713 39 5039 10 9139 22 12976 6 17261 16
844 21 5192 19 &gt; 9175 15 13385 45 17356 7
1002 30 5426 48 9323 10 13419 12 17541 31
1048 42 5569 36 9761 22 13596 41 17765 13
1035 1 5633 28 9802 17 13644 47 17935 44
1256 24 5722 15 9318 39 13706 24 17937 59
1278 39 5735 42 9332 28 13728 44 18059 8
1399 37 5742 21 9892 19 13823 11 18064 20
1434 43 5761 34 9903 28 14012 19 181.63 32
1477* 3 5309 41 9959 9 14142 23 18266 12
1537 45 5953 26 9966 41 14209 41 18307 6
1546 37 6010 8 10056 9 14266 l 18:319 16
1621 39 6027 4 10090 43 14273 19 18330 20
1624 27 6102 44 Ю149 11 14342 47 18373 23
1765 2 6165 1 ЮlB6 5 14645 15 18:578 24
1776 28 6291 23 Ю363 20 14639 20 18411 8
1777 24 6294 33 Ю374 18 14691 50 18 433 23 1828 43 6U9 15 Ю461 11 14704 10 18796 23 1863 25 6339 35 Ю464 16 14749 9 18802 4 1383 27 6439 24 Ю473 13 14781 42 18á34 31 1922 25 6734 8 Ю474 48 14853 6 18&lt;)36 26 2093 8 6827 59 Ю494 14 14862 37 18964 10 2113 48 6874 22 Ю538 43 14950 41 18999 12 2219 21 6387 8 10794 25 15105 13 18990 16 2255 7 7059 38 Ю837 10 15147 11 I9l_oB 14 2431 35 7111 20 Ю349 30 15215 33 19123 39 2603 42 7129 42 ЮB7l 28 15235 8 l9wi 49 2842 28 7140 47 ПOB9 3 15290 40 19385 23 2834 44 7354 49 ПlB6 18 15442 30 19433 8 3005 42 7448 32 U245 9 15481 49 19514 18 3020 2 7571 32 U353 5 15607 17 19569 22 3051 27 7 744 37 П446 20 15668 9 19593 17 3095 1 7751 31 П465 17 15636 50 19685 46 3130 15 7789 8 11494 1 15314 45 19725 2 3144 42 7325 41 11531 2 15374 15 19780 43 3303 4 7451 28 11609 15 15975 16 19323 34 3569 25 7394 5 116)9 27 16)03 26 198)2 1)
Amoctiļctas tiļa şekoşchas 152 sērijas:
42 2156 6032 8821 12351 15053 18289
80 2414 6066 8993 12454 15159 18.23
189 2967 6208 9002 12543 15375 18420
357 3020 6265 9039 12726 15437 13546
510 3125 6347 12792 15853 13532
614 3158 6540 '.'5)4 13004 15918 18659
617 3217 6609 9649 13099 16493 1873)
678 3299 6948 9650 13240 165)3 18811
762 3312 7185 9967 13403 170)9 H324
775 3478 7390 10015 13409 17180 19034
783 3700 7443 10115 13528 17377 19069
917 3766 7450 10422 13764 17431 19030
1174 3883 7629 10650 14023 17633 19)84
1208 3942 7834 10321 14155 17660 19302
1277 4083 7879 10348 14160 17691 19412
1439 4408 7957 11078 14171 17777 19672
1468 4536 8005 11470 14237 17731 19741
1657 4918 8043 11517 14602 17835 19320
1726 5036 8204 11520 146)7 18013 19908
1803 5701 8563 11615 14759 13092 19914
1835 580Э 8637 11746 14763 18134
2079 5982 8666 12197 14913 13133