Labbas laimes lassitajeem!
Pehterburga 2. Januar. Schodeen 16. minnestu rvilkfchana no pirmahs Sprozentu walsts aisleeneschanas biVetehm fchee nummuri minnejufchi:
200.000 rubļ. sehrija 13031 Nr. 23, 75.000 „ „ 8040 „ 40, 40.000 „ „ 13104 „ 36, 25,000 „ „ 13043 „ 31.
3 minnesti pa 10,000 rubļ.: fehrija 7001 Nr. 50. fehrija 4240 Nr. 11, fthrija 16140 Nr. 29.
5 minnesti pa 8000 rubļ.: fehrija (7262) Nr. 30. (1732) Nr. 4, (9517) Nr. 6, (10139) Nr. 47, (7820) Nr. 9.
8 Minnesti pa 5000 rubļ.: fehr. (6254) Nr. 30. (12709) Nr. 16, (16041) Nr. 32, (12558) Nr. 8, (11646) Nr. 4, (7260) Nr. 28, (2157) Nr. 43, (9074) Nr. 3.
20 Minnesti pa 1000 rubļ.: (8299) 4, (15030) 41, (4830) 30, (18123)41, (5739)42, (18355) 37,(16347) 33,(12502) 37, (10207) 15, (13072) 8, (15419) 26, (8772) 21, (556) 14, (4938) 9, (12434) 20, (14212) 38, (16808) 1, (852) 19, (14786) 12, (5302) 6.
Pa 500 rubļ. minnesti: (2089) 15, (3195) 28, (17133)
17, (19218) 33-, (14762) 9, (2119) 33. (17040) 34, (7168) 19, (5039) 35, (15185) 34, (2760) 30, (13717) 32, (18059)
6, (5766) 2, 38, (15950) 19, (19413) 42, (19090) 25, (12479) 15. (15869) 47, (14490) 49, (19760) 47, (2403) 4, (5054) 18, (17995) 40, (18468) 6, (18139) 32, (7108) 9, (17670) 41, (17053) 13, (2041) 4, (2086) 16, (5259) 22, (19042) 3, (9417) 17, (613) 43, (6267) 3, (10518) 38, (200) 28, (3300) 27, (9342) 42, (7011) 25, (11083) 41 , (5372) 3, (17864) 43, (9927) 36, (6549) 10, (362) 26, (9515) 48, (645) 5, (2444) 37, (4854) 49, (4497)
47, (14258) 42, (6573) 44, (17320) 50, (19873) 17, (18656) 35, (12746) 49, (16528) 40, (10848) 41 , (8100) 33, (18614) 36, (1156) 17, (2738) 14, (2002) 27. (5058) 11 . (5138) 33, (8674) 43. (5348) 20. (11413) 8, (11012)
48, (2592) 37, (6085) 21, (19785) 4, (14510) 29, (4213) 2, (1671) 49, (2194) 23, (10832) 22, (12432) 19. (18935)
18, (11000) 10, (9046) 39, (18773) 3, (3902) 8, (7974) 35, (14763) 41, (17756) 34, (2249) 43, (7488) 21, (7519) 25, (6981) 5, (10688) 5, (16012) 46, (13353) 12, (14544)
7, (17930) 13, (1467) 41, (15920) 30 , (12732) 27, (4559) 5, (6291) 9, (16842) 40, (17389) 7, (5502) 23, (17410) 46. (10743) 14, (6220) 20, (10076) 19, (7573) 42, (15832) 39, (17276) 11, (12898) 27, (11242) 4. (15679) 15, (3208) 32, (326) 35. (8439) 27. (12052) 25, (4183) 36, (1 1546) 5, (4496) 48, (9041) 7, (3199) 11, (6435) 31, (18120) 13, (16975) 28, (7125) 46, (19243) 22, 3546 3, (12327) 28, (447) 3, (5265) 16, (14793) 32, (7529) 7, (4014) 9, (2664) 11, (11137) 46, (10693) 17. (10899) 12, (17702) 11, (16667) 24. (3837) 24, (17965) 4, (18416) 22, (18723) 43, (1291) 16, (2377) 42. (9631) 3, (3302)
46, (554) 22, (3545) 45, (5013) 2, (2245) 7, (91) 35, (8817) 36, (15698) 28. (4932) 15, (18514) 24, (15168)
47, (8490) 11, (5199) 45, (11085) 40, (1194) 37, (7869) 10, (11757) 50, (13463) 31, (8465) 35, (6780)48, (19461(
22, (2828) 30, (3776) 38, (4220) 41, (6440) 39, (1663) 36, (11032) 1, (10494) 25, (13355)6, (384) 24. (10457) 22, (18604) 25, (12238) 27, (10794) 17, (19861)4, (2511) 41 , (12748) 16, (6363) 8, (18621) 33, (12686) 3, (15064) 13, (19770) 43, (10538) 48, (16282) 50, (13112) 37, (12192) 36, (1698) 48, (13930) 28, (8009) 47, (2634) 8, (13744) 42, (17599) 16, (8452) 10, (12805) 26. (982) 36, (6508) 41, (16103) 27, (17918) 19. (5606) 18, (11972) 11, (2531) 9, (14352) 18, (18463) 42, (7606) 9, (17381) 5, (16375) 50, (18954) 17, (3162) 47, (19336) 47, (15414) 34, (13418)46, (18214) 2, (12642) 43, (18677) 22,(14714) 18, (19060) 2, (11470) 28, (17731) 4, (3041) 19, (7931) 41, (5526) 2, (3300) 45. (13358) 12, (15383) 37, (995) 28, (13235) 47. (1092) 42, (19202) 40, (6149) 46, (15743) 8, (5943) 11, (206) 1, (10591) 21 , (14398) 31, (567) 39, (15626) 32, (10740 48, (390) 34, (18644) 24, (9356) 5, (17565) 23, (18937) 21, (2702) 38, (11853) 43, (15561) 26, (10270) 48, (10812) 3, (5496) 31, (2362) 46, (6780)
33.
Ismakfajamo un isdsehfchamo biļtetu nummuri: 177, 2152. 16746. 5539. 19479, 17639, 15520, 18100, 11064, 9371, 10459, 10769, 15896, 9851, 3350, 2201, 17799, 15160, 13866, 2635, 17825, 5839, 2678, 9825, 7266, 9594, 11842, 3721, 4936, 3059, 3676, 15570, 11932, 4404, 9490. 14445. 6268, 19856. 12049, 2439, 12405, 7568. 11901, 17518, 13923. 19683, 4683, 18957, 8509, 13943.