Labas laimes lasitajeem!
Peht,rburgà. 1. Septemberî. Şchodeen. 37. reis islosejot otro 5-prozentu prehuliju aisleeņu, winnesti krita us şchahdeem munnmrecm: 200.000 rubļ. us 75.000 . . „ 9.532-47. 40.000 » . 5 13.200—22, 25.000 „ „ . 6.143-5.
3 wimiesti. katrS 10.000 nrbļ.. us k?5 8644 -8, 16,697-46, 9287—2. 5 wiiuiesti, katrs 8000 rubļ.. us 746-14. 6073—15, 4380 -7, 2293— 32. 4365-48.
8 winnesti. katrS 5000 rnbļ.. us  1441—33, 7909—47. 2547—6. 5124— 21, 19,030 31. 18,537—33. 10.201—22. 12.268— U.
20 winnesti. katrS 10W rubļ.. us 17.933—50. 3596—28, 6010—6, 10.939—21. 18.764—17. 9904—4. 1662—2. 16.127—35. 9822—30. 4855—30, 15.427—17. 7162—24. 4133—2, 2803-21. 16,067—22, 13,677—8, 19.640—50, 7175—24, 18,976-47.
Winnesti, katrS 500 rubļ.
şehr. bi'ļ. şehr. biļ. şehr. biļ. şkhr. biļ. şehr. bil'
187 37 4684 18 8297 26 11503 45 15245 12
512 35 4688 11 8302 19 11816 6 15295 36
684 7 4920 39 8338 46 11877 2, 15385 2
768 6 4057 26 8357 9 11929 42 15412 9 768 45 4958 50 8376 42 12132 38 . 15484 5
1084 5 4961 13 8378 20 12212 16 15558 25
1294 26 4965 3 8399 43 12231 9 15581 9
1387 33 4979 39 8432 31 12249 4 15586 28
1504 47 5020 50 – 8497 37 . 12260 13 15627 45
1558 50 5026 33 8509 18 12305 20 15919 38
1654 36 5047 18 8586 21 12324 1 16048 21
1681 28 5055 36 8715 39 ' 12460 15 16098 37
1711 44 5098 34 8869 12 12490 12 16106 33
1880 25 5116 18 8878 6 12532 74 16184 19
2056 29 5136 17 89&gt;9 23 12589 49 16244 33
2171 38 5139 40 9010 31 12727 12 16245 41
2263 50 5164 9 9037 9 12768 17 16289 31
2274 20 5179 47 9125 38 12886 37 16292 4
2458 18 5215 41 9t75 44 12968 33 16559 7
2522 34 5241 47 9211 27 13031 15 16934 23
2561 2 5346 7 9215 24 13039 33 16946 4
2592 28 5453 3 9268 16 1.3049 24 1734! 29
2727 4. 5547 43 9274 10 13082 9 17451 16
2822 15 5948 32 9587 29 13151 18 17490 10
2858 5 5961 41 9709 44 13223 2 175,74 7
2869 37 6014 21 9?70 29 13289 5 17724 7
2933 45 6051 48 9785 9 13303 39 17751 40
3008 28 6440 19 9840 14 13328 50 17765 16
3106 33 6449 34 9925 10 13450 ll 17787 40
3215 31 6454 6 9941 1 13521 2? 17816 8
3232 2 6598 44 10074 31 13587 7 1791 1 41
3286 10 6604 43 10,05 35 13622 44 17927 8
3307 19 6698 43 10107 48 13741 6 18163 47
3376 37 6707 19 10133 32 13747 48 18175 20
3381 9 6713 10 10188 46 13753 46 18192 14.
3416 13 7037 25 10212 17 13763 28 18248 28
3490 22 7083 32 10412 18 13779 35 18321 35
3543 21 7177 11 10K28 9 13876 10 18454 44
3547 50 7412 26 10682 29 13932 . Z 18546 44
3629 13 7427 30 10772 8 14016 31 18821 4
3660 1 7668 2 10776 25 14054 14 18849 20
3755 23 7690 19 10880 15 14055 49 18930 25
3793 21 7696 43 10894 44 14129 7 19119 38
3932 28 7774 7 10927 25 14236 40 19227 30
4064 47 7964 42 10979 28 14335 3 19270 21
4209 44 8036 43 11082 6 14426 8 19294 32
4341 32 8038 19 11137 26 14822 2 19352 0
4001 44 8069 25 1H42 26 14850 16 19634 40
4616 5 8117 8 11196 33 14858 21 19844 39
4633 38 8218 31 11353 14 15070 I I 19873 3
4653 23 8256 11 11394 8 15194 14 19892 15
4661 7 8280 I I 11481 45 1523S 50 19931 32
Jsnihzinata» tapa schahdaS 74 şķhrijaS:
122. 938. 1065. 1446, 1512. 1565. 1970. 2325. 2406. 2557. 2927. 3537. 3731, 3941. 4032, '4084. 4222, 4593, 5334. 6490. 6926, 7140. 7605, 3016. 8024. 8125. 8262. 8359, 8390. 8793. 8663. 9212, 10.355. 10.542. 10.889, 11.029. 11.076, 11.147. U. 270. 11.562. 11.566. 12.361. 13.383. 14.028, 14.077. 14.131. 14.305 14.470. 14.467, 14.772. 15.133, 15.276.1.15.346. 15 695. 16.213. 16.298. 16.606. 17.455. 17.472. 17,652, 17.675. 17.907, 18.033, 18.507, 16,6)2, 18,692. 19,332, 19,376, 19,504, 19.531, 19.691. 19.989.