Labas laimes lasitajeem!
Pehterburga, 1. Septemberi. Schodeen, 46. reis islosejot otro 5-prozentu prehmlm msleeņu, winnesti krita us şchahdeem nummureem:
200,000 rubļ. us şehriju 10,803 Nr. 6. 75,000 „ „ „ 6,114 „ 46. 40,000 „ „ 16,488 „ 41.
25,000 „ „ „ 4,341 „ 42.
 3-wìnnesti, katrs 10,000 rubļ. leels, us şehriju 2026 Nr. 30, us şehriju 11,818 Nr. 37, Us şehriju 18,129 Nr. 38.
5 Minnesti, katrs 8000 rubļ. leels, us şehriju 326 Nr. 41, us şehriju 3013 Nr. 35, us şehriju 12,865 Nr. 49, us şehriju 13,593 Nr. 20, us sehriju 19,155 Nr. 9.
8 minuesti, katrs 5000 rubļ. leels, us sehriju 6325 Nr. 20, us sehriju 7749 Nr. 14, us sehriju 15,464 Nr. 15, us sehriju 16,108 Nr. 27, us sehriju 17,003 Nr. 1, us fehrcju 17,433 Nr. 15, us sehriju 17,924 Nr. 37, us sehriju 19,363 Nr. 6.
20 Minnesti, katrs 1000 rubļ. leels, us sehriju 1355 Nr. 33, us sehriju 221ì) Nr. 3, us sehriju 2340 Nr. 48, us sehriju 2529 Nr. 49, us sehriju 2617 Nr. 6, us sehriju 4794 Nr. 16, us sehriju 4911 Nr. 3, us sehriju 5488 Nr. 25, us sehriju 7744 Nr. 9, us sehriju 9380 Nr. 1, us sehriju 10,557 Nr. 8, us sehriju 10,974 Nr. 50, us sehriju 11,651 Nr. 6, us sehriju 12,135 Nr. 13, us sehriju 12,751 Nr. 28, us sehriju 13,702 Nr. 38, us sehriju 14,308 Nr. 5, us sehriju 16,116 Nr. 29, us sehriju 16,709 Nr. 27, us sehriju 16,768 Nr. 13.
Minnesti, katrs 500 rubļ. leels.
şehr. biļ. şehr. biļ. sehr. biļ. sehr. biļ. sehr. biļ.
83 45 3,067 4 7,674 6 11,985 37 15,659 23
91 38 3,213 47 7,747 23 12,082 21 15,734 42
155 5 3,257 1 7,798 45 12,154 36 15,884 10
159 50 3,418 22 7,859 15 12,181 18 15,930 13
315 14 3,421 34 7,873 40 12,226 38 16,008 42
322 45 3,449 20 7,891 7 12,284 44 16,013 47
330 40 3,618 27 7,968 12 12,363 34 16,200 49
335 11 3,676 38 8,046 45 12,364 20 16,267 25
35? 38 4,079 34 8,154 14 12,629 25 16,340 12
365 31 4,160 17 8,422 5 12,687 49 16,382 8
365 41 4,167 24 8,658 44 12,788 19 16,438 18
399 38 4,292 24 8,679 42 12,922 15 16,456 9
447 24 4,513 12 8,710 15 12,977 14 16,511 40
545 40 4,613 7 8,761 49 12,986 8 16,541 34
574 26 4,656 36 8,764 39 13,102 50 16,773 25
632 14 4,788 42 8,806 7 13,215 37 16,945 6
712 17 4,797 30 8,811 33 13,239 11 17,052 23
732 45 5,016 12 8,847 15 13,246 49 17,185 43
762 35 5,110 16 8,914 11 13,307 20 17,410 1
768 8 5,124 38 8,950 49 13,338 40 17,436 27
824 40 5,313 32 9,159 13 13,361 46 17,445 27
922 19 5,373 48 9,200 29 13,371 12 17,460 3
954 38 5,443 45 9,216 35 13,382 49 17,467 34
1,039 9 5,518 41 9,430 47 13,521 2 17,502 47
1,366 23 5,663 13 9,509 49 13,541 20 17,509 26
1,559 39 5,774 17 9,520 4 13,561 30 17,635 3
1,573 19 6,948 13 9,522 32 13,626 20 17,650 1
1,586 8 5,952 16 9,762 43 13,669 34 17,658 30
1,597 16 5,960 4 9,850 8 13,733 4 17,687 36
1,747 15 6,104 50 9,850 41 13,871 35 17,833 42
1,850 10 6,117 43 9,874 45 13,890 44 17,873 23
1,940 27 6,309 26 9,961 49 14,004 33 17,885 37
1,940 40 6,331 3 10,051 18 14,067 41 17,901 25
1,983 49 6,334 29 10,072 38 14,248 14 17,914 26
2,006 34 6,429 41 10,136 31 14,374 1 17,997 20
2,152 25 6,474 31 10,234 1 14,551 32 18,094 22
2,219 27 6,700 33 10,251 38 14,606 3 18,151 23
2,312 22 6,707 1 10,371 37 14,693 20 18,168 19
2.326 11 6,847 2 10,414 15 14,714 29 18,277 43
2.327 22 6,869 15 10,746 21 14,719 36 18,385 41 2,363 18 6,972 29 10,757 49 14,746 21 18,387 33 2,394 28 7,010 30 10,841 42 14,759 23 18,711 13 2,438 12 7,042 24 10,948 32 14,843 8 18,771 26 2,538 34 7,062 8 11,057 10 15,025 29 18,833 37 2,544 13 7,083 19 11,075 17 15,067 23 18,938 31 2,638 26 7,115 18 11,334 32 15,069 43 19,247 6 2,732 21 7,136 41 11,457 22 15,347 28 19,619 45 2,803 33 7,162 23 11,458 23 15,362 49 19,624 9 2.900 49 7,385 37 11,466 22 15,389 4 19,629 38 2 929 14 7,415 5 11,523 38 15,398 47 19,782 41 2 964 37 7,505 7 11,580 49 15,433 1 19,926 26 5980 2 7,640 13 11,644 41 15,559 3 20,000 26
Jsnihzinatas tapa şchahdas 90 şehrijas:
221 521 871 1023 1100 1130 1271 1278 1338 1393 1418 1875 2272 2380
2484 2700 2852 2888 2892 2996 3150 3210 3608 3620 3848 3854 4107 4781
5582 5715 6206 6231 6288 6363 6433 6589 7018 7029 7248 7668 7869 7962
8387 8713 9005 9438 9523 9728 9893 10,113 10,206 10,458 10,675 10,696
I I 506 11 512 12,063 12,252 12,297 12,674 12,978 13,021 13,184 13,517 13,575
13597 13 671 13,907 15,221 15,417 15,944 16,145 16,223 16,309 16,328 16,734
N387 17,412 17,876 17,970 18,054 18,231 18,264 18,319 18,699 18,889 18,953
 19,308 19,337.