Labas laimes lasitajeem!
Pehterburaâ, 1. Merzâ. Şchodeen, 58. reis islosejot otras 5-proz. prehmiju aļsleeņas biļetes, Vinnesti krita ns şchahdecm nunnnnreem:
200,000 rubļ. us sehr. 1199 Nr. 28 75,000 „ „ „ 9313 „ 37 40,000 „ „ „ 14,044 „ 32 25,000 „ „ „ 1461 30
3 Vinnesti à 10,000 rubļ. us sehr. 17,737 Nr. 38, sehr. 15,764 Nr. 12, sehr. 5274 Nr. 36.
5 Vinnesti a 8000 rubļ. us sehr. 14,973 Nr. 36, sehr. 15,700 Nr. 37, sehr. 421 Nr. 2, sehr. 17,505 Nr. 24, sehr. 12.046 Nr. 32.
8 Vinnesti à 5000 rubļ. us sehr. 2042 Nr. 5, sehr. 15,379 Nr. 37, sehr. 308 Nr. 15, sehr. 14,844 Nr. 50, sehr. 9489 Nr. 31, sehr. 9682 Nr. 44, sehr. 16,605 Nr. 27, sehr. 18,506 Nr. 11.
20 Viuuestu à 1000 rubļ. us sehr. 2138 Nr. 32, sehr. 12.525 Nr. 19. sehr. 13,767 Nr. 31, sehr. 13,372 Nr. 40, sehr. 1312 Nr. 45, sehr. 3756 Nr. 9, sehr. 19,823 Nr. 26, sehr. 1406 Nr. 34, sehr. 12,660 Nr. 15, sehr. 5667 Nr. 33, sehr. 4365 Nr. 10. sehr. 18,279 Nr. 5, sehr. 1423 Nr. 44, sehr. 18,297 Nr. 18, sehr. 4967 Nr. 26, sehr. 1248 Nr. 25. sehr. 8796 Nr. 45, sehr. 4744 Nr. 47, sehr. 5566 Nr. 33, sehr. 11,027 Nr. 38.
Winnesti pa 500 rubļeem:
şehr. biļ. şchr. biļ. şehr. biļ. şehr. biļ. sehr. diļ.
19 24 4.290 44 8.661 50 12.887 36 15.936 16
235 37 4.407 1 8.962 25 12.921 11 15.989 38
237 41 4.532 11 8.968 18 12.945 15 16.090 49
272 42 4.534 40 9.013 8 13.018 2516.265 11
401 31 4.572 21 9.048 8 13.258 10 16.356 49
454 12 4.601 8 9.133 15 13.565 36 16.484 47
656 28 4.619 23 9.218 49 13.596 4 16.519 17
1.018 45 4.620 48 9.282 44 13.642 21 16.552 18
1.035 3 4.641 43 9.293 11 13.647 24 16 601 8
1.114 12 4.888 43 9.293 42 13.651 1 16.609 41 1.178 5 5.281 42 9.520 2 13.658 36 16.627 40
1.180 32 5 327 24 9.597 43 13.680 42 16,801 41 1.352 5 5.402 22 9.680 11 13.762 37 16.826 42 1.391 45.815 7 9.853 6 13.792 11 16.917 50 1.494 49 5.861 42 9.853 35 13.860 3316.995 11 1.590 38 5.918 23 9.930 12 13.904 4917.091 27 1.703 165.969 45 9.957 25 13.923 5 17.270 46 2.108 41 6.027 7 9.976 42 13.925 20 17.278 13
2.115 37 6.049 2 10.094 33 12 993 1517.380 29 2.173 44 6.117 2 10.096 25 14.084 41 17.401 46
2.181 8 6.141 15 10.108 40 14.198 41 17.540 37 2.204 34 6.187 42 10 199 16 14 290 23 17.622 24 2.378 4 6,281 17 10.294 35 14.298 1617.649 9 2.378 96.286 1 10.300 24 14.328 7 17.696 11 2.391 36 6.345 8 10.391 6 14.345 32 17.700 4
2 399 5". t.'tt 22 10.444 25 14.357 31 17,701 39 2.435 19 6.503 20 10.537 22 14.410 6 17.713 41 2.449 27 6.613 17 10.682 30 14.410 15 17.72 ) 37 2.582 15 6.709 29 10.689 5 14.417 21 17.954 50 2.587 32 «'.729 610.862 27 14.417 45 18.105 21 2.697 2 6,898 48 11.237 22 14.475 5 18.229 35 2.879 17 7.007 43 11.302 49 14.614 4018.286 1 2.950 36 7.015 10 11.369 40 14.679 19 18.287 25 3.027 34 7.169 10 11.517 31 14.686 12 18.385 41 3.083 43 7.213 811 617 31 14.850 3218.461 48 3.102 41 7,287 3411.662 15 14.865 20 18.479 18 3.102 45 7.401 23 11.671 22 15.058 2818.568 6
3 392 24 7.477 26 11.673 1 15.086 9 18.701 21 3.458 29 7.513 28 11 873 11 15.152 " 18.722 4 3.596 19 7.761 42 11.878 18 15.165 18.752 19 3.686 1 7.902 38 11.911 27 15.192 19 18.781 43 3.699 45 7 911 42 11.963 22 15.329 4 18.845 48 3.702 4i) 7.944 28 12.203 15 15.345 50 18.847 18 3.733 5 7.959 9 12.326 33 15.364 40 18.878 32
3.837 26 7.978 17 12.355 23 15.385 43 19.205 48
3.838 47 8.021 31 12 373 47 15.549 5 19.350 14 3.936 26 8.077 42 12.420 26 15.603 23 19.368 47 4.069 22 11 12.551 32 15.736 48 19.523 16 4.197 18 8.216 4 12.616 22 15.752 11 19 577 26
4 201 32 8.242 14 12.703 4 15.765 13 19.626 32 4 208 8 8.272 41 12.773 40 15.769 30 19.826 25 4.233 12 8.509 24 12 862 37 15.886 42 19.973 47
Jsnihzinata» tika schahdaS sehrijaS: 3211. 3466. 11.943. 18.806. 19.501. 2452.4919. 7111. 9394. 17.941. 16.377. 8815. 11.622. 6724.
16 543. 19.292. 6667. 6090. 19.062 16.155 11.145. 1839. 10.178. 15.691. 5959. 8495. 18.371, 7010. 9463. 16.529. 1325. 19.877. 5305. 7601. 18.222. 18.757. 14.547. 11.210. 8935. 1719. 9644. 16.866, 6318. 11 517. 3134. 19.355. 9773. 13 204. 13,241. 16.440. 18.153. 260 6464. 12.809. 7662 6021. 6604. 5725. 4394. 15.565. 12.125. 19.268. 10.041. 7748, 4849. 6823. 19.164. 7501. 17.256. 14.178. 10.316. 15.882. 17.913, 12.765. 15.381, 18.627. 12.021. 12.667. 16.620. 5460. 15.301. 18.965. 16.609. 7723. 18.123. 14.250.
17 497. 15.238. 15.903. 19.749. 9534. 14.016. 72. 10.019. 11.434. 10.958. 11.102. 4327. 16.087. 850. 5559. 392. 9574. 17.009.