Labbas laimes lassitajeem!
Pehterburga 1. September. -Schodeen 13. minnestu wi!kschana no ohtrahs sprazentu roalfts aisļeeueschanas biļļetehm schee nummuri minnejuschi:
200,000 rubļ. fehrija 3541 Nr: 38, 75,000 „ „ 2412 „ 4, 40,000 „ „ 7624 „ 44, 25,000 „ „ 9580 „ 6. 3 Minnefti pa 10,000 rubļ.: sehrija 17597 Nr. 12, fehrija 8150 Nr. 1, fehrija 7903 Nr. 13.
5 Mnuesti pa 8000 rubļ.: sehrija (12551) Nr. 34, (12686) 20, (4595) 48, (18976) 16, (16891)23.
8 nmmesti pa 5000 rubļ.: sehr. (19892) Nr. 10, (17949) 35, (1983) 36, (11998) 46, (2449) 35, (13167) 44, (2477)
8, (576) 31.
20 rvinnesti pa 1000 rubļ.: (12650) 35, (19583) 32, (17569) 24, (12475) 40, (12362) 2, (15999) 4, (9632) 18, (10943) 48, (16640) 2, (12583) 18, (9339) 43, (4286) 45, (15753) 10, (10627) 1, (559) 40, (6242) 18, (1873) 25, (7337) 9, (3822) 43, (5836) 19.
Pa 500 rubļ. minnesti: (2791) 33, (10890) 30, (16362) 39, (18705) 10, (14482) 6, (17999) 22, (13613) 4, (2521)
24, (8052) 26, (4603) 32, (9831) 34, (11216) 36, (17287) 49, (5102) 20, (12330) 43, (9052) 17, (10910) 48, (19601) 4lf (12438) 26, (4239) 49, (10159) 44, (12951) 4, (12920)
9, (16266) 44, (2695) 26, (5782) 18, (13072) 25, (5355) 31, (2862) 40, (13104) 25, (6451) 37, (13375) 26, (10886) 37, (12094) 3. (18227) 8, (15172) 3, (1029) 22, (4918) 44, (16738) 4, (16926) 17, (5715) 8, (15570) 4, (9010) 30, (9922) 16, (6393) 30, (12080) 17, (15944) 33, (16094) 28, (12283) 26, (13681) 29, (13676) 27, (2760) 6,(667)26, (6760) 28, (13219) 4, (12761) 31, (6904) 40, (6673) 10, (8980) 42, (5257) 7, (9877) 34, (8304) 16, (2657) 49, (10049) 7, (1852) 23, (18256) 5, (13677) 2, (2476) 14, (11376) 43, (8908) 32, (19967) 17. (12174) 38, (16527) 41, (3547) 19, (18174) 29, (6101) 19, (1227) 24, (10308)
25, (2656) 8, (10565) 22, (9305) 16, (12833) 36, (6906)
35. (13142) 4, (1252) 35, (4818) 2, (7865) 38, (5044) 40, (18705) 14, (731) 29, (5464)20, (14662) 10, (16453) 42, (9441) 45, (721) 1. (1891) 16, (15585) 17, (13441) 35, (6168) 37, (19238) 11, (13290) 21, (5996) 22, (12332) 49, (16864) 27, (4020) 32, (2887) 16. (18101) 33, (15044) 7, (1693) 24, (16664) 39, (3730) 26, (18716) 30, (8703) 34, (6954) 50, (15686) 3, (8941) 38, (14157) 9, (6632) 13, (3172) 12, (4995) 14, (230) 4, (670) 8, (13136) 23, (19658) 16, (1306) 42, (6172) 20, (9514)42, (12633) 33, (9166)
36, (14840) 7, (5399) 3, (15) 9, (9688) 40, (8815) 41,
(13670) 4, (1249) 33, (11279) 7, (2321) 28, (14069) 14, (7876) 2, (2018) 49, (5266) 18, (11927) 47, (3256) 19, (17404) 40, (19226) 29, (11608) »22, (7786) 5, (12146) 28, (14864) 42, (8054) 6, (1814) 24, (4616) 48, (17150) 24, (17120) 43, (7369) 27. (974) 48, (6984) 24, (16513) 11, (3908) 42, (7385) 19, (4790) 45, (15644) 30, (10943) 12, (2727) 6. (7345) 16, (2790) 20, (14470) 32, (12683) 3, (17278) 3, (9497) 49, (1800) 38, (18681) 3, (12800) 13, (19048) 3, (11351) 44, (5267) 25, (14763) 44, (11858) 46, (1953) 33, (6391) 20, (14465) 23, (6668) 23, (18131) 22, (18699) 37, (4462) 28, (2923) 36, (3413) 21, (16027) 11,
(17044) 35, (3464) 34, (323) 1, (5832) 20, (11692) 15, (494) 12, (19852) 20, (4982) 11, (8598) 28, (9707) 33, (6739) 45, (1079) 47, (11589) 33, (7649) 21,(5679) 38, (19964) 9, (15226) 27, (16885) 41. (16729) 43, (12271) 37, (11775) 23, (5140) 36, (6908) 41, (5233) 19, (4795) 34, (4888) 32, (313) 28, (19) 35, (7830) 40, (6041) 42, (11650) 5, (8445) 2, (641) 11, (9033) 48, (705) 18, (10932) 15, (11268) 1, (5396) 43, (14959) 5. (279)48, (13776) 36) (10632) 42, (17538) 27, (16077) 12, (4582) 7, (19966) 30, (12079) 43, (9498) 29, (13687) 15, (4409) 10, (7729) 50, (2739) 31, (2181) 6, (17912) 45, (11954) 4, (17939) 27, (16854) 43, (19577) 19, (18729) 40, (8174) 42, (7493) 18, (17640) 2, (12946) 36, (6451) 7, (18687) 47, (7382) 26, (2048) 12 , (799) 25, (6112) 27, (2741) 44, (14532) 32.
Jsmakfajamo un isdsehschamo billetu nummuri: 10646, 6743, 7426, 5535, 3864, 10420, 17561, 8834, 16494, 18893, 2336, 19866, 5630, 8487. 1919, 10745, 8173, 14516, 7516, 13498, 5123, 15644, 601S, 3237, 15849, 9173, 5021, 110, 16607, 19085, 17615, 12474, 4805, 5277, 9944, 7794, 13690, 3843, 4802, 14580, 1532, 8426, 18108, 11881, 2070, 10069, 14749, 771.