i
Pchterburgâ, 1. Jūlijā. Pee şchihs deenas pirmà 5-prozentìgà eekschejà prehmiju aisņehmuma isloseşchanas winnesti krita us şchahdeem
nummureemi
200.000 rubļ. us şehriju 18.485 Nr. 6. 75.000 . . . 3,858 . 31. 40.000 . . . 1,946 . 29. 25,000 . . . 2,213 . 49. 3 winnesti 5 10.000 rubļ. us NNr. 1674 7, 8710 39. 18.549 28. 5 winnesti à 8000 rubļ. us NNr. 47 50, 5373 18. 10.021 8. 12.169 5. 13.327 17.
8 winnesti à 5000 rubļ. us NNr. 1376 17. 1894 45, 8562 29. 9083 34. 12.516 31. 15.013 19. 15.131 15. 15.605 34.
20 winnestu à 1000 rubļ. us NNr. 647 42. 2385 47. 3463 50. 3659 50. 4649 5. 5261 18. 6076 37. 7015 25. 7680 32, 7760 21. 8119 15, 10.236 44. 10.778 34. 12.604 11, 12,740 42, 14.307 10. 15,504 33. 15,679 7, 17,367 43. 17,721 45.
sehr. biļ. 25 2 5Z 43 60 32 195 19 257 10 264 39 329 12 392 17 444 26 938 20 956 49 1.009 25 1.139 26 1.188 15 1.206 28 1.242 35 1,284 33 1,377 14 1.440 32 1,462 45 1.465 47 1.470 36 1.732 II 1.758 I 1.883 Iv 1,903 34 1,998 8 2.007 30 2.038 15 2.062 18 2.154 44 2.340 38
 7
2,529 31 2,633 20 2,662 »6 2,768 10 2,775 47 2,778 25 3.02! 31 3,075 47 3.171 50 3,209 6 3.293 22 3.321 .!.! 3.417 27 3,541 4 3,541 32 3,720 31 3.834 7 3.910 47
 8
sehr. biļ. 4,291 17 4.483 37 4.527 42 4.551 24 4.648 24 4.757 2 4.764 29 4.771 17 4.830 7 4,897 3 5.104 30 5,151 30 5.340 21 5.374 49 5.471 12 5.555 36 5.670 18 5.703 46 5.787 47 5.799 39 5,865 23 5.890 17 6.143 1 6.252 23 6.264 19 6.343 2 6.418 36 6.664 20 6.695 42 6,706 I I 6,722 37 6.867 44 6.927 45 7.012 41 7.024 2 7.106 8 7.214 47 7.312 21 7.332 32 7.484 14 7.495 27 7,717 5 7,733 36 7,841 46 7,861 10 7.927 33 7.931 48 7.!'43 13 8.032 42 8.143 40 8.I9I 19 8.303 36 i i i
esti pa 500 n
şehr. biļ.
8,423 7 8.445 39 8,470 35 8.519 26 8.724 40 8,765 13 8.794 30 8,941 39 8,962 30 8,990 38 9.083 48 9.095 40 9.097 2 9.354 6 9.364 48 9,506 14 9.508 31 9.526 26 9.642 44 9.731 48 9.870 33 9.901 43 10.087 23 10,187 24 10,240 42 10.265 10 10.289 46 10.412 23 10,441 15 10.461 27 10.466 47 10.688 46 10,723 26 10.846 34 10,878 48 11.112 41 11,338 38 11.342 14 11.354 1 6 11.395 49 11.400 29 Il.518 2 11.552 24 11.578 16 11.595 48 11,804 28 11.827 42 11.829 31 11.669 2 12.072 32 12.130 49 , 2.260 28 ļll'ļ
I ļ
şehr. biļ.
12,278 47 12,392 41 12.535 26 12.550 16 12.650 12 12,796 24 12.846 36 12.887 36 12.899 II 12.932 45 13.077 48 13.088 26 13.091 40 13.178 2 13.624 35 13.646 7 13.664 28 13.888 9 13,903 28 13.91 &lt;i 44 13,974 13 14.007 21 14,020 34 14.049 35 14.129 27 14.134 5 14.190 17 I4,2!1I 15 14.311 26 14.369 30 14.406 16 14.503 25 14.508 41 14.580 27 14.692 41 14.697 32 14.728 14 14.754 21 14.781 47 14.791 13 14.799 37 14.903 25 14.923 20 14.924 50 14.925 34 14.935 46 15.063 13 15.212 14 15.246 41 15,345 25 15.353 39 15.568 23 şchr. biļ.
15,659 22 15,715 22 15,748 14 16.115 22 16.124 35 16,330 10 16,479 36 16.686 37 16,788 21 16.910 10 16,942 35 16,966 9 17.053 30 17,177 21 17,208 40 17.278 24 17.300 32 17.309 31 17.336 36 17.344 31 17,373 19 17,674 29 17.690 1 17.691 46 17.787 13 17.795 49 17.840 19 17,877 7 17.895 40 17.928 49 18,048 29 18.101 13 18,243 31 18.34-. .'i 18,398 43 18.486 27 18.542 21 18.778 41 18.869 16 18.863 36 18,915 18 18.968 46 18.985 49 19.138 35 19.268 45 19,426 38 19.439 42 19.502 42 19.640 10
 50
19.895 23 19.925 19
sehr. biļ. 25 2 5Z 43 60 32 195 19 257 10 264 39 329 12 392 17 444 26 938 20 956 49 1.009 25 1.139 26 1.188 15 1.206 28 1.242 35 1,284 33 1,377 14 1.440 32 1,462 45 1.465 47 1.470 36 1.732 II 1.758 I 1.883 Iv 1,903 34 1,998 8 2.007 30 2.038 15 2.062 18 2.154 44 2.340 38
 7
2,529 31 2,633 20 2,662 »6 2,768 10 2,775 47 2,778 25 3.02! 31 3,075 47 3.171 50 3,209 6 3.293 22 3.321 .!.! 3.417 27 3,541 4 3,541 32 3,720 31 3.834 7 3.910 47  8
sehr. biļ. 4,291 17
4.483 37 4.527 42 4.551 24 4.648 24 4.757 2 4.764 29 4.771 17 4.830 7 4,897 3 5.104 30 5,151 30 5.340 21 5.374 49 5.471 12 5.555 36 5.670 18 5.703 46 5.787 47 5.799 39 5,865 23 5.890 17 6.143 1 6.252 23 6.264 19 6.343 2 6.418 36 6.664 20 6.695 42 6,706 I I 6,722 37 6.867 44 6.927 45 7.012 41 7.024 2 7.106 8 7.214 47 7.312 21 7.332 32
7.484 14 7.495 27 7,717 5 7,733 36 7,841 46 7,861 10 7.927 33 7.931 48 7.!'43 13 8.032 42 8.143 40 8.I9I 19 8.303 36
*) Wehletumees pahr şcļio wezo wijoles şpehletajn tuwakas siņas dabut. ķuŗas tad ari şaweem lasitajeem labpraht pasneegtum. R cd.
Labas laimes lasitajeem!
i
i
esti pa 500 n şehr. biļ. 8,423 7 8.445 39 8,470 35 8.519 26 8.724 40 8,765 13 8.794 30 8,941 39 8,962 30 8,990 38 9.083 48 9.095 40 9.097 2 9.354 6 9.364 48 9,506 14 9.508 31 9.526 26 9.642 44 9.731 48 9.870 33 9.901 43 10.087 23 10,187 24 10,240 42 10.265 10 10.289 46 10.412 23 10,441 15 10.461 27 10.466 47 10.688 46 10,723 26 10.846 34 10,878 48 11.112 41 11,338 38 11.342 14 11.354 1 6 11.395 49 11.400 29 Il.518 2 11.552 24 11.578 16 11.595 48 11,804 28 11.827 42 11.829 31 11.669 2 12.072 32 12.130 49 , 2.260 28
ļll'ļ
I
ļ
şchr. biļ. 15,659 22 15,715 22 15,748 14 16.115 22 16.124 35 16,330 10 16,479 36 16.686 37 16,788 21 16.910 10 16,942 35 16,966 9 17.053 30 17,177 21 17,208 40 17.278 24 17.300 32 17.309 31 17.336 36 17.344 31 17,373 19 17,674 29
17.690 1
17.691 46 17.787 13 17.795 49 17.840 19 17,877 7 17.895 40 17.928 49 18,048 29 18.101 13 18,243 31 18.34-. .'i 18,398 43 18.486 27 18.542 21 18.778 41 18.869 16 18.863 36 18,915 18 18.968 46 18.985 49 19.138 35 19.268 45 19,426 38 19.439 42 19.502 42 19.640 10
 50
19.895 23 19.925 19
şehr. biļ. 12,278 47 12,392 41 12.535 26 12.550 16 12.650 12 12,796 24 12.846 36
12.887 36 12.899 II 12.932 45 13.077 48 13.088 26 13.091 40 13.178 2 13.624 35 13.646 7 13.664 28
13.888 9 13,903 28 13.91 &lt;i 44 13,974 13 14.007 21 14,020 34 14.049 35 14.129 27 14.134 5 14.190 17 I4,2!1I 15 14.311 26 14.369 30 14.406 16 14.503 25 14.508 41 14.580 27 14.692 41 14.697 32 14.728 14 14.754 21 14.781 47 14.791 13 14.799 37 14.903 25
14.923 20
14.924 50
14.925 34 14.935 46 15.063 13 15.212 14 15.246 41 15,345 25 15.353 39 15.568 23
Jsnihzinatas tapa şchahdas 96 şehrija»:
92. 282. 414. 531. 766. 789. 927. 1011. 1764. 1987 2854. 2955. 3199. 3341. 3546. 3563. 3709. 3775. 3944. 3954 3958 4260. 4443. 4455. 5166. 5745. 5,927, 6235. 6496. 6745. 6759 6855. 7139. 7402. 7828. 7995. 8072. 8112. 8164. 8311. 8410 8745, 8825. 8843. 9062. 9252, 9358. 9378. 10246. 10418. 10582 11018. 11481. 11535. 11836. 11927. 12063. 12179. 12470. 12687 12866. 12975. 13209. 13249. 13519. 13688, 14531. 14641. 14717. 14998. 15099. 15370. 15646. 15759. 15793, 15950, 16461. 16986. 17042. 17078. 17473. 17764. 17803. 18022. 18058. 18202. 18333. 18595. 18652. 18888, 19060. 19289. 19291. 19313. 19493. 19501.