Labas laimes lasitajeem!
Pchterburgâ, 1. Maijâ. Şchodeen, islosejot muischneeku agrar-banka» 5-proz. prehmiju aisņehmumu. vinnesti krita us schahdeem nummureem:
200.Ş rbļ. us şebr. 15.819 Rr. 7 75.000 . . . 14.867 . 49 40.000 . . . 2.149 . 12 25.Ş ... 782 . 27
3 minnesti » 10.000 rbt.: şehr. 948 Nr. 31 fehr. 14.477 Sļr. 36 . 5.827 . 45
5 winnesti à 8000 rbļ.:
fehr. 612 Rr. 49 şehr. 11.542 «r 14 . 8.3L8 . 42 . 14.626 . 6 . 9.777 . 17
8 minnesti à 5000 rbļ.:
şehr. 3.975 Nr. 6 sehr. 11.617 Nr. 25
. 5.325 „ 39 . 11.758 . 19
. 5.614 . 12 „ 12066 . 31
. 10.104 . 12 . 15.668 . 50
20 winnesti à 1000 rdļ.:
şthr. 465 Rk. 11 ş,hr. 7.528 Nr. 44
. 527 . 5 . 7559 . 43
. 1.632 . 12 . 7.812 . 44
. 2.782 . 22 . 9.160 „ 24
.. 2.897 . 17 . 10.049 . 8
. 4.682 . 8 . 11.051 . «
. 4 769 . 50 . 11 075 . 14
. 6 331 . 10 .. 12.385 . 9
. 6.947 . 3 . 13.190 . 45
. 7,393 . 7 . 13.581 . 36
Winnesti à 500 rbļ.
şchr. biļ. şehr. biļ- ş,hr. biļ. şehr. biļ- şehr. biļ.
18 50 2712 33 519&lt;&gt; l 5? 8953 18 -2936 3
109 47 2768 17 5200 41 9199 39 12984 40
213 50 2795 25 5211 37 9218 10 13107 49
252 26 2811 33 5245 47 9258 44 13158 6
280 17 2868 5 5267 35 9513 36 13227 20
293 22 2922 10 5272 11 9531 37 13235 24
344 23 2967 44 5275 42 9539 32 13255 27
363 26 2986 27 5292 9 9566 4 13277 44
512 43 3,22 34 5299 46 9652 46 13358 19
520 42 3154 7 5316 19 9815 14 13479 20
570 18 3157 45 5377 25 9936 29 13503 46
679 29 3174 15 5410 41 9954 12 13579 40
700 26 3346 17 5583 34 4 13641 34
765 22 3347 23 5592 16 10083 13 13743 24
903 46 3362 27 5628 22 10118 39 13900 24
977 11 3407 12 5700  10271 16 13945 22
1005 12 3408 21 6007 7 10431 15 13979 3
1269 40 3447 43 6150 7 10476 40 14061 36
1297 38 3452 25 6227 42 10637 35 14202 45
1313 8 3534 34 6238 29 10641 19 142 W 36
1349 3 360! 33 6262 15 MĢ 24 14237 25
1373 18 3658 48 6303 9 10707 27 14309 43
1392 20 3696 39 6425 26 10773 20 14353 24
1431 1 3749 33 nē 26 10802 23 14366 25
1509 48 3808 22 6515 33 10887 19 14407 1 6
1512 10 3810 9 6545 23 10920 48 14486 24
1513 34 3868 4 6556 17 10942 21 14537 30 1554 8 3887 17 6941 15 10962 8 14559 34 1585 6 3989 21 6993 19 1106? 21 14562 42 1686 26 4056 13 7008 36 11247 46 14570 11 1701 30 4117 25 7020 19 11282 19 14578 37 1728 2 4162 37 7162 21 11459 1 14613 30 1761 43 4267 32 7310 44 11501 28 146«? 36 1774 2 4331 14 7525 8 11554 45 14699 27 1793 17 4348 26 7542 40 11571 24 14706 44 1822 45 4371 48 7575 37 11837 17 14801 22 1873 43 4392 44 7737 44 11840 41 14874 40 1909 18 4418 22 7739 48 11W8 43 14900 37 1963 39 4431 12 7740 7 12163 7 14911 27 2014 16 4477 43 7788 7 121V6 32 15006 32 2039 25 4497 4 7953 7 12403 36 15042 26 2053 15 4696 1 8077 19 12420 7 15143 48 2159 16 4697 1 8090 27 12433 34 15227 36 2175 20 4713 3 8202 19 12594 28 15259 9 2211 17 4744 38 8285 47 12597 36 15370 24 2233 16 4789 23 8317 28 12665 46 15391 29
 40 4791 23 8398 20 12716 32 15445 43
2388 22 4820 9 8672 9 12773 17 15732 9
2389 43 4935 49 8711 33 12801 46 15863 3 2498 16 4937 28 8795 42 12860 38 15864 39 2500 10 5045 22 8844 35 12912 26 15885 7 2711 15 &gt; 5178 2518906 46112927 48 î 15913 25
Amortistta» tika şchşa» şihrijaS:
29 2.W 2.720 5.524 7.562 9.774 14 512
147 2.754 4.231 5.601 7 708 10.067 14.570
234 2.942 4.323 5.742 8.302 10.110 14.675
316 3.116 4.417 5.780 8.541 10.300 14.834
742 3,147 4.530 6.311 9.023 10.316 15.039
761 3.241 4.731 6.504 9.083 10.755 15.153
805 3.333 4.822 6.523 9.117 11.122 15.191
848 3.439 4.857 6.539 9.187 11.153 15.255
1.037 3.479 5.141 6.796 9.228 12.073 15 527
1.229 3.591 5.342 7.071 9.330 12.097 15 597
1.419 3.655j 5.362 7.080 9 338 12.959 15 803
1.891 3.683 5.386 7.081 9.655 13.163 15.997
1.892 3.687 5.397 7.299 9.693 14.443