Labas laimes lasitajeem!
Pehterburga, I. Merza. Schodeen pee ohtrahs 5-proz. eekschķigahs prehmiju-aisleeņas 32. islohseschanas winnesti krituschi us schahdeem uummureem: 200,000 rubļ. us Nr. 7,201—17, 75,000 „ „ „ 1,501—34. 40,000 „ „ „ 19,973—4. 25.000 „ „ „ 2.504—49.
3 tvinnesti k 10,000 rubļ. us NNr.: 4173-2, 9057—47, 7995—16. 5 tvinnesti ņ 8,000 rubļ. us NNr.: 266—4, 1190—26, 15887—33, 8495—7
15817—11.
8 tvinnesti 5 5.000 rubļ, us NNr.: 8226—41,18854—5, 1817—11, 19187—5 1454i—9, 19232—20, 12148—11, 18868—49.
20 minnesti » 1.000 rubļ. us NNr.: 9261—8, 5807—23, 4179—32, 5419— 11, 103—46, 17319-17, 5178-36, 18708—1. 1775—25.8058—1. 9405—30, 19622 —10, 8878—10, 2924-32, 14947—40, 13103—9, 16690—44, 5004—29, 1255— 37. 8457—24.
260 tvinnesti X 500 rubļ. us NNr.:
88 20 4.971 14 10,333 1 15,247 14
133 2 5,071 45 10,385 38 15,253 17
223 50 5,173 18 10.553 12 15.256 7
262 18 5,186 35 10,554 17 15,275 32
339 10 5,193 43 10,581 20 15,298 3
515 42 5,236 42 10.612 46 15,353 16
735 2 5,265 8 10.748 35 15,361 47
749 26 5.269 38 10.772 18 15,412 45
826 19 5.325 7 10,805 1 15.435 7
897 14 5,394 32 10,808 7 15,459 37
927 12 5,414 37 10.965 38 15,523 22
929 21 5,447 9 10.970 3 15,557 41
982 31 5,583 1 11.057 13 15,585 16
1,159 37 5,737 19 11,225 34 15.682 47
1,312 15 5,770 3 11,308 33 15,951 5
1,422 19 6,038 29 11,544 4 16.237 26
1,476 5 6.040 40 11,554 18 16,304 29
1.574 26 6,377 3 11,891 32 16,341 19
1.575 34 6.380 15 12,094 50 16,401 30 1.714 1 6,420 1 12,158 13 16,428 12 1,761 7 6,541 10 12,166 13 16,450 23 1.806 21 6,709 45 12,289 4 16,477 1 1,835 33 6,735 18 12,308 36 16,560 43 2,052 47 6,739 10 12,321 35 16.614 21 2.061 29 6,855 13 12,380 46 16,616 45 2,066 11 7,093 48 12,436 27 16,700 37 2,223 49 7.137 30 12,449 27 16,742 48 2,281 47 7,171 4 12,725 12 16,913 47 2.296 48 7.217 8 12,758 38 16,949 10 2.459 26 7.322 46 12.804 40 17,151 40 2,502 31 7,332 34 12,825 22 17,217 31 2,533 27 7,422 8 12,901 19 17.220 17 2,589 40 7.427 26 12.932 43 17,293 25 2,658 16 7.537 10 13,073 42 17,294 29 2,673 45 7,556 37 13.129 12 17.340 32 2,673 48 7.616 22 13,151 28 17,459 24 2,694 45 7,640 42 13.153 4 17,605 48 2,716 41 7.655 38 13,214 12 17,668 39 2,747 26 8.031 14 13.224 4 17,722 27 2.832 7 8,121 18 13,243 14 17,879 40 2,889 14 8,165 22 13,317 38 17.904 40 2,928 27 8,183 10 13.454 45 17,916 39 2,964 6 8.189 34 13,639 31 18,041 15 2,985 49 8,264 21 13,651 30 1 8,060 32 2,987 42 8.294 36 13.805 24 18,101 6 2,990 31 8,365 23 13.992 9 18.141 1 3.028 10 8,371 33 14.029 49 18,157 31 3,081 30 8.523 37 14,059 49 18,207 32 3,107 28 8,815 50 14,108 46 18,496 20 3,192 11 9.100 30 14,302 45 18,516 23 3.243 29 9,204 45 14,315 14 18,586 11 3.249 44 9.296 43 14,386 29 18,613 6 3,332 1 9.326 20 14,512 34 18,701 9 3,393 38 9,368 7 14,648 20 18,793 20 3,527 47 9,568 45 14,720 32 18.861 29 3,792 24 9.627 30 14.739 44 18,926 35 3,877 23 9.686 17 14,811 22 18,943 1 4,025 17 9.959 28 14,812 21 19,008 4 4,147 28 10,031 43 14,845 1 19.033 21 4.272 19 10.052 9 14.906 26 19,057 31 4.355 37 10,078 35 14.979 22 19.198 25 4,550 39 10,103 25 14.991 15 19,796 32 4.700 42 10,128 6 15.135 28 19.851 49 4.766 29 10.233 21 15,161 1 19,876 32 4,820 39 10.252 25 15,217 15 19,935 S
Amortiseeretas tapa schahdas 66 sērijas.
227, 351, 1208, 1255, 2584, 2805, 3045, 3406. 3677, 3865, 4040. 4103, 4390, 4555. 4667, 5472, 5506, 5786, 6126, 6213, 6390, 6417, 6445, 6584. 6635, 6699, 7318, 7525, 7631, 8393. 8486. 8840, 8889, 9320. 9570. 9767, 9776, 10361, 10493, 11030, 11892. 12221, 12273, 12442, 12466. 12710. 12867. H3193, 13293. 13706, 13953. 14639, 15018, 15632, 16010, 17110, 17538, 17727, 18073, 18169, 18578, 18991, 19635. 19793. 19801. 19889.