Labas laimes lasitajeem!
Pa 500 rubb. winnesti:
ķebrija. Bil. ķehrija. Bļl. -Sehrija. Bil. -Ģehrija. Bil.
00.050 18 04,995 42 10,092 46 15.908 20
00.159 5 05,110 32 10,266 49 15,933 35
00,193 30 05,113 34 10.282 34 15,935 21
00,237 36 05.144 1 10,369 30 15,981 49
00,279 39 05.537 21 10.429 17 16.148 33
00,261 13 05,582 32 10.439 49 16,150 44
00,544 32 05.620 22 10,705 40 16,223 47
00,548 20 05,649 46 10,748 46 16,227 20
00.649 2 05,691 43 10.879 36 16,450 3
00,660 17 05,744 38 10.892 26 16,537 12
00.756 46 05,808 46 10,921 11 16,596 31
00,757 38 05,858 12 10,969 18 16.628 42
00,809 23 05,904 32 11,048 9 16,660 21
00.830 20 05.992 50 11,126 38 16,733 44
00.876 2 06,042 35 11,297 5 16.836 36
00,013 21 06,125 3 11,342 24 16,859 14
00,031 31 06,203 15 11,375 32 16,959 18
00.076 41 06,342 35 11,471 47 16,966 38
01,017 36 06.380 5 11,477 13 17,031 50
01,278 21 06.419 34 11,514 19 17,057 20
91.291 15 06,572 23 11,634 4 17,066 37 01,347 5 06,625 13 11,670 47 17,148 35 01,375 4 06.636 12 11.690 44 17,218 12 01,381 5 06,654 49 11,702 34 17,294 47 01,393 10 06,659 17 11,724 12 17,384 37 01,647 1 06.706 41 11,753 21 17,483 11 01.649 18 06,707 35 11,776 12 17,688 36 01,670 6 06.808 48 11,780 6 17,922 9
01.885 7 06,859 17 11,791 49 17,955 38 01,945 34 06,864 7 11,846 23 17,976 18 01.951 44 07.066 1 11,879 4 18,030 14 02.143 1 07.109 26 11.900 29 18,073 36 02.326 38 07.307 37 12,044 22 18.116 37 02.334 8 07.307 42 12,411 33 18,121 7 02,391 28 07,319 27 12,551 20 18,136 32 02,652 14 07.370 17 12.642 32 18,257 34 02.681 21 07.384 28 12,869 21 18,265 12 02,726 45 07.391 24 12,902 16 18,371 48 22.873 4 07,468 3 12.912 31 18,423 13 03,953 3 07,530 5 12,930 21 18,489 43 03,290 35 07.631 45 12,990 50 18,557 30 03,419 6 07,913 18 13,160 45 18,563 42
03.872 49 07,971 6 13.248 23 18,565 6
04.886 11 08,145 45 13,268 50 18,656 22 04.013 24 08.151 34 13.454 37 18,669 15 04,106 13 08,201 31 13.526 46 18,819 18 04,149 31 08,241 37 13,578 38 18,819 34 04,211 25 08,377 33 14,060 32 18,824 34 04,217 38 08,481 41 14.098 36 18.901 40 04,224 50 08,546 29 14,218 38 18,990 27
04.292 50 08.635 21 14,442 31 19,040 3 04,381 4 08,797 25 14,479 14 19,174 9 04.425 34 08,948 15 14,486 23 19.195 10 04,451 47 08.988 10 14.518 42 19.334 28 04,474 36 09,030 6 14,541 7 19,359 27
04.520 29 09,076 30 14,788 5 19,373 4
04.521 14 09.404 45 14,923 34 19,454 34
04.522 14 09,419 50 15,023 15 19,614 34 04,584 25 09,459 34 10.035 26 19,619 40 04,756 31 09,640 29 15,056 45 19,625 35 04,822 2 09,701 5 15,504 32 19,662 21
04.873 46 09.744 12 15.546 14 19,735 36 04,889 21 09,874 49 15,663 3 19,787 20 04,939 25 09,992 47 15,852 38 19,947 49 04,960 50 10,085 9 15,873 44 19,959 32