Labas laimes lasitajeem!
Pehterburgâ, 2. Zanwarî. Şchodeen, 42. reis islosejot pirmo 5-prozentu prehmiju aisleeņu. winnesti krita us şchadeem nummureem : 200.000 rubļ. us 10.048—40. 75.000 „ „ „ 16.745—26. 40.000 „ „ „ 7.785—1. 25.000 „ „ 324—17.
3 winnesti. à 10,000 rubl., uş NNr. 12,557—15, 19,456—15. 9791 — 15.
5 winnesti. à 8000 rubļ.. us NNr. 6602—9, 12.120—6. 518 —2. 3510—23. 17.155—50.
8 winnesti. à 5000 rubļ.. us NNr. 1364—9. 11.364—30. 13.820
—18. 14.7,6—13. 19.014—28. 5700—7. 9652-32, 2845—33.
20 winnefti. à 1000 rubļ., us NNr. 19,131—47, 1638—42. 15.183—6. 3168—18. 19.038-38, 5952—22. 11.869—14. 17,197
– 15. 11.968—35. 7285—5. 12.810—46. 8289-23. 16.457—12, 6428—36. 1651—2, 480—6, 7061—17, 17,857—44, 3788-35, 12.293—14.
Winnesti, katrs 500 rubļ.
şehr. biļ. şehr. biļ. şehr. biļ. şehr. biļ. şehr. biļ.
39 25 3,125 39 7.316 7 11.547 6 16,291 35
55 9 3.435 9 7.423 2 11.564 28 16.441 32
100 47 3.474 21 7,425 45 11,685 14 16.459 8
232 27 3,508 28 7.444 '7 11.757 31 16.481 40
234 48 3,583 29 7,515 31 11.778 33 16.513 19
334 9 3.585 17 7,517 39 11.822 27 16,614 32
442 13 3.601 13 7.612 12 11.873 27 16,666 47
601 49 3.682 4 7,655 13 11.915 43 16.760 23
656 3 3,971 24 7,656 24 11.996 14 16.812 38
742 39 3,973 31 7.696 6 12,030 21 16,974 27
764 15 4,019 3 7,729 5 12,032 14 17,231 21
837 33 4,038 49 7,932 29 12,038 42 17,379 30
847 23 4,247 48 8,025 47 12,326 15 17,417 39
953 19 4,376 24 8.115 44 12,491 8 17.423 12
1.131 32 4,684 8 8,135 19 12,565 33 17,469 43
1,152 48 4,762 40 8,157 43 12,765 37 17.567 9
1,170 37 4,844 33 8.252 23 12.904 49 17.583 40
1.178 11 4,879 3 8.272 18 12,986 47 17,696 4
1,188 20 4.894 7 8,524 5 13,064 20 17,752 11
1,318 29 5.062 24 8.537 40 13.189 9 17,753 3
1,401 16 5,125 37 8,650 46 12.236 21 17.846 28
1,419 36 5,165 49 8.827 30 13.407 9 17,873 38
1,652 36 5,250 17 9,023 24 13,475 33 17,903 7
1,714 16 5,257 50 9,077 24 13,536 30 17,960 31
1,823 47 5,459 44 9,092 26 13,634 43 18,096 46
1.832 34 5,463 29 9.265 6 13,640 32 18.264 36
1,876 29 5,488 42 9,281 41 13.672 37 18,387 16
1,943 31 5.641 30 9.313 15 13,963 11 18.479 34
1,956 24 5.680 17 9.478 42 14.110 22 18.539 17
1.994 16 5.700 49 9.494 27 14,131 44 18.659 37
2.066 22 5,763 46 9,514 4 14.405 8 18.686 42
2.090 10 5,792 4 9,666 41 14.405 23 18.719 40
2.213 7 5,808 36 9.728 13 14.410 29 18,810 14
2,247 17 5,917 25 9,856 19 14,426 47 18,819 42
2,284 37 5,958 5 9,938 24 14,791 36 18.864 47
2,295 13 6,004 42 9.956 5 14.854 15 18,910 26
2,320 40 6,076 18 10,152 28 14,908 43 19,096 29
2,437 48 6.097 23 10,439 46 14,915 29 19,369 12
2,479 23  2 10,445 20 14,974 1 19.394 8
2.497 N 6,272 36 10.485 21 15,353 43 19,401 8
2,514 41 6,435 33 10.491 15 15.548 11 19,524 28
2,525 19 6,457 1 10,498 18 15,618 21 19.591 48
2,594 3 6,471 27 10,562 25 15,626 44 19.602 40
2.716 46 6.567 32 10.692 32 15,702 27 19,662 49
2,744 15 6.701 20 10,728 4 15,732 27 19.674 21
2,764 26 6,768 8 10,953 5 15.759 44 19.675 39
2.827 3 6,913 36 11,008 35 15,776 26 19.739' 9
2,891 7 6,988 12 11,165 3 15.859 13 19,739 '45
2,927 3 7,004 40 11,324 2 15,954 49 19.779 j27
2,985 3 7,147 27 11,400 42 16,050 6  49
3,038 25 7,185 23 11,429 16 16,117 21 19,9071 12
3,079 18 7,269 7 11,456 37 16,152 7 19,908Ş 4
Jsuihzinatas tapa şchahdas 82 şehrijas:
34 50S 1121 1400 1405 1522 1637 1744 1908 1997 2441 2541 2626 3392 3403 3675 3702 4575 4982 5243 6159 6533 6552 6952 6978 7069 7206 7264 7880 7967 8036 8459 8535 8741 8925 8945 8978 9303 9350 9428 10,264 10.298 10.585 10.808 1 1.143 11.574 11,589 11.723 11,856 12.220 12,379 13.154 13,337 13.733 13.980 14,009 14.790 15.084 15.315 15.317 15.419 15,453 15.626 15.474 15,773 15.907 15.929 16.352 17.560 17.603 17.804 17.985 18.028 18.119 18.538 18.559 18.651 18.700 19.064 19.191 19.714 19.888.