No Peterburgas.
500 rubļu wiuntsti lgaļņentt winnesti jau minēti pag. numurā) pee otra prēmiju aisņehmuma 72. islosejuma krita us şekoschàm serijàm un biļetēm:
Şer. Biļ. Şer. Äiļ. Şer. Biļ. Şer. Biļ. Şer. Biļ.
31 47 4093 33 7.984 1 11.821 16 I 15.663 43
112 6 4170 80 8.035 22 11,831 43 ļ 15,771 10
200 13 4539 2 8,508 19 11,859 10 15,785 1
222 48 4554 9 8,547 7 11.992 15 ļ 15,785 31
278 8 4585 36 8.673 43 12,042 13 | 15,863 10
435 5 4700 22 8,704 38 12,048 9 15,948 46
495 33 4771 3 8.768 17 12,069 24 16,072 45
502 40 4953 22 8,919 34 12,144 6 16,116 28
533 8 5002 41 9.010 23 12.150 42 16,136 3
671 28 507H 25 9,057 86 12,175 7 16,146 10
721 34 5098 41 9.064 30 12,200 20 16,488 6
754 42 5149 18 9,073 41 12,360 33 16.728 49
820 33 5173 40 9,078 13 12.532 43 16,758 26
906 36 5264 10 9,128 26 12,540 5 16,825 15
969 23 5287 5 9,146 15 12,669 35 16,8ii4 12
H67 38 5299 1 9.146 39 ì 12,713 47 16,898 30
N7O 5 5391 45 9,184 1 12,951 20 17,013 36
1331 31 5544 18 9,252 21 12,991 1 17,088 33
1336 34 5578 28 9,526 18 13,018 13 17,198 6
1466 33 5744 35 9.597 40 13.029 6 17,234 46
1670 31 5755 44 9.707 4 13,055 38 17,276 5
1671 27 5793 48 9.725 33 13,290 11 17.296 7 1689 49 5839 45 9,733 15 13,692 46 17,406 13 1793 3 5912 14 9,757 30 13.695 22 17,731 33 1857 50 5953 27 9,824 12 13.754 20 17.788 13 1869 30 5981 38 9,842 41 13,764 15 17,790 49 1981 33 6020 16 9.927 26 13.821 3 17,839 16 2060 47 6085 25 10,023 14 13,858 22 17,945 13 2217 6 6138 26 10,115 2 13,931 6 17,967 10 2265 21 6142 32 10,334 19 13,999 42 18,018 46 2337 31 6200 1 10,352 38 14,102 29 18.049 32 2381 37 6290 32 10,480 44 14,284 49 18,502 47 2508 17 6331 47 10,614 36 14,293 2 18,506 32 2563 4 6345 48 10,699 36 14.627 35 18.59.: 24 2613 45 6653 38 10,735 48 14.666 27 18,615 28 2693 42 6672 2 10,854 20 14.719 12 18,797 9 272H 2!» 671 26 10,ş:&gt;r&gt; 5 14,937 49 18,800 18
2928 47 ( 6774 9 ļ 10,954 44 15,074 44 16.021 11 8044 6 6826 49 10,991 50 15,173 23 19,047 5 3149 43 6832 45 11,044 5 15,190 26 19,141 43 3203 37 6907 12 11,127 5 15 326 20 I 19.367 41 3245 3 7078 5 11.187 14 15,364 31 19,395 20 3317 7 7144 25 11,220 29 15,376 15 19,409 41 3419 22 7220 2 11,343 11 15,434 37 19,493 4 3428 2 7414 36 11,367 37 15,438 32 19,529 34 3515 10 7437 3 11,413 22 15,474 35 19,570 13 3552 26 7447 33 11.588 46 15,479 32 19,637 1 3588 6 7474 2 11,609 2 15,502 33 19.674 10 3860 9 7515 9 11,696 48 15.532 43 19.685 28 3897 38 7555 2 11,728 36 15,555 32 19,741 11 io;&gt;4 43 7895 20 11,747 31 15,578 29 19,778 2 4066 16 7917 6 11,788 47 15,661 11 19,945 47
Pawişam 300 winnesti kopsummā par 600,000 rubļeem.
Amortisetas tika şekoschàs sērijas:
325 2622 5403 7,645 11.737 14.616 17.658
340 2656 5606 8.158 11,949 14,684 17.790
371 2693 5691 8,217 11.964 14.693 17.833
442 3142 5803 8.346 12.110 14.832 18.098
453 3295 5949 8.440 12,175 14.952 18.126
487 3444 6015 9.241 12.302 14.964 18.163
506 3484 6308 9.377 12.686 15.070 18.187
686 3542 6520 9,535 12.6&gt;8 15.223 18,449
1077 ?,r2[ 6647 9,657 12,850 15,484 18,556
1241 4097 6801 9,865 12,944 15,505 18,696
1269 4139 6802 9.961 13.140 15,571 18.708
1416 4198 6962 10,180 13,160 15,788 18,874
1711 4396 7083 10,199 13,401 16,199 19,027
1849 4529 7096 10.212 13,773 16,425 19,305
1851 4643 7237 10.552 13,777 16,581 19,359
2319 4808 7351 10,679 14,061 16,670 19,471
2358 4896 7407 10,932 14,209 16,755 19.580
2439 5069 7417 11,033 14,230 16,832 19,805
2559 5132 7547 11,216 14,329 17,004 19,837
2582 5223 7600 11,218 14,465 17,563
Pamişam 146 sērijas (7300 biļetes), kopsummā par
935.500 rubļeem.