Labas laimes lasitajeem!
Pehterburgâ, 1.  Şchodeen, 46. reis islosejot otro sprozentu prehmiju aisleeņu, krita us şchahdeem nummureem: 200,000 rubļ. us sehriju 19,977 Nr. 17. 75,000 „ „ 18,237 „ 36.
40,000 „ 6553 „ 11.
25,000 „ „ 11.343 „ 24.
3 winnesti, katrs 10,000 rubļ. leels, us sehriju 2503 Nr. 50, us sehriju 11.930 Nr. 34, us sehriju 15,724 Nr. 25.
5 winnesti, katrs 8000 rubļ. leels, us sehriju 3116 Nr. 21, us sehriju 3561 Nr. 16, us sehriju 5551 Nr. 43, us sehriju 14546 Nr. 37. us sehriju 16186 Nr. 26.
8 wiunefti, katrs 5000 rubļ. leels, us sehriju 713 Nr. 41, us sehriju 886 Nr.' 30. us sehriju  Nr. 33. us sehriju 8822 Nr. 16. us sehriju 12.314 Nr. 41, us sehriju 12.937 Nr. 18, us sehriju 14,702 Nr. 17. us sehriju 18,976 Nr. 24.
20 winnestu, katrs 1000 rubļ. leels, us sehriju 1581 Nr. 24, us
sehriju 2255 Nr. 22, us sehriju 2391 Nr. 31, us sehriju 2928 Nr. 10,
us sehriju 3937 Nr. 14, us sehriju 4884 Nr. 41, us sehriju 5068 Nr.
7, us sehriju 5942 Nr. 35, us sehriju 8708 Nr. 25, us sehriju 9913 Nr. 47, us sehriju 10,097 Nr. 1, us sehriju 15,228 Nr. 40, us sehriju 15,383 Nr. 1, us sehriju 15,990 Nr. 39, us sehriju 16,550 Nr. 43, us
sehriju 18,001 Nr. 35, us sehriju 18,102 Nr. 28, us sehriju 18,875
Nr. 1, us sehriju 19,207 Nr. 21, us sehriju 19,700 Nr. 26.
Winnesti, katrs 500 rubļ. leels.
şehr. biļ. sthr. biļ. şehr. biļ. sehr. biļ. sehr. bil.
67 35 3,721 17 8.480 1 11.386 50 15.472 34
68 24 3.820 34 8.531 41 11.507 39 15.490 24 79 41 3.947 38 8,582 30 11,586 7 15.497 43
114 20 4.205 2 8628 l 4 11,591 41 15,602 19
235 9 4,225 38 8,648 48 11.605 4l 16,123 44
250 41 4.344 34 8.659 34 11,619 33 16.158 35
541 15 4 359 36 8.666 28 11.625 31 16,179 22
675 37 4.469 47 8.619 38 11.748 50 16.760 43
722 24 4,553 16 8.848 29 11.999 50 16.879 26
767 4 4,589 48 8.913 19 12.033 13 17.015 40
784 7 4,663 2 8.915 48 12.085 4 17.036 25
846 29 4,767 3 8,935 24 12,176 22 17.182 17
940 37 4.853 42 8.947 11 12.271 20 17.215 35
949 18 5,107 7 9.101 30 12,300 46 17,325 20
973 13 5.263 46 9.181 22 12.539 27 17.40? 8
1.049 40 5.507 42 9.191 23 -2.584 35 17.502 27
1.072 18 5.625 20 9.252 2 12.748 21  50
1.216 43 5.791 36 9.301 23 12.874 32 17.552 32
1.362 33 5.855 2 9.423 26 12,775 37 17.634 24
1.394 43 5.866 46 9,476 6 12.872 44 !7.6»2 29
1,501 3 5,896 37 9.594 35 12.925 34 17.686 15
1,508 44 6.144 25 9 675 49 13,ļ02 9 17.845 33
1.583 48 6.315 12 9.771 27 13.114 9 17.861 23
1.624 26 6.347 4 9.807 49 13,285 14 17.881 39
1.809 40 6,351 48 9,838 46 13,288 31 17.966 36
1.812 40 6,485 10 9.935 5 13.567 10 18.056 10
1.863 30 6.550 9 10,004 47 13.638 12 18.086 5
1.867 40 6.556 28 10.051 31 13.645 48 18,.9? 22
1.925 34 6.595 42 10,052 19 13.660 34 18,242 18
1.927 15 6.719 42 10.181 20 13.699 20 18,372 49
1.946 25 6.764 10 10.216 49 13,786 37 18,418 29
2.083 5 6.881 38 10.231 16 13,806 49 18,467 3
2,129 23 6.895 11 10.275 37 13,809 50 18,514 29
2.157 34 6,976 13 10.286 46 13.897 6 18,770 4
2.202 49 6.995 20 10,322 9 14.099 23 18.847 28
2,342 21 7,004 22 10.344 11 14,105 36 19.042 41
2,638 9 7.122 12 10.366 10 14.129 22 19,059 12
2.666 49 7,153 5 10.475 40 14.163 48 19.134 27
2.723 19 7.399 9 10.531 4 14.201 22 19,173 18
2.888 27 7,519 12 ,0.675 24 14 248 2 19,214 46
3.030 26 7.571 24 10,675 46 14,350 20 19.252 33
3.033 38 7.632 45 10.767 35 14,438 41 19.373 28
3.041 8 7.685 20 10,771 49 14.453 41 19.375 13
3.137 44 7,703 20 10.819 18 14.453 47 19.397 12
3.149 12 7.744 47 10.830 37 14.836 47 19,549 20
3.205 23 7.959 7 10.857 35 14.861 46 19.5-t 9 30
3.221 7 8.039 30 11.007 38 14.881 35 19.5K5 41
3.222 20 8,073 15 11,084 47 14.946 44 19.598 31 3.305 34 8.116 50 11,231 9 15.255 25 19,641 48 3.335 33 8.352 35 11.231 28 15.272 15 19 955 16 3.492 33 8.401 25 11.234 9 15,300 I 19.974 37 3,641 22 8.451 8 11.237 43 15.405 17 j 19,999 38
Jsnihzinatas tapa schahdas 88 şehrijas:
121, 702, 884. 1024, 1450, 1623. 1688, 1822. 1999. 2076. 2103, 2257, 2258. 2359. 2571. 2799. 323 Z. 3329. 3393 3)93, 4043, 4391, 4434, 4839, 5033, 5058, 5249, 5509. 5817, 5947, 6670, 6754. 6782, 7408, 7557. 7785. 7894, 8175. 8465, 8579. 8818, 8905, 8936. 8974, 9154, 9240, 9340. 9866. 9982, 10.107. 10.550. 10,765. 10.805, 10.863, 10.891, 11,202, 11.842, 12,423. 13,247. 13.328. 13.525, 13,637. 14,173, 14.302, 14,405. 14,571, 14.707, 14.860, 15.015, 15,441, 15.581, 15,796, 16.295. 16.957. 17.249. 17.259, 17.363, 17,452, 18,434, 18.664. 18.787, 19,170, 19.229, 19.266, 19.540, 19,860, 19,864.