II. premiju aizņehmuma
500 rubļu winnesti krituschi us şchahdeem numureem:
185 26 4.104 5 8.195 9 11.924 10 .6.237 6
410 34 4.159 32 8 226 7 11.937 28 16.263 23
535 1 4L37 43 8.266 24 11.950 2? 16.297 50
598 45 4.248 48 8.500 16 12.012 35 16.590 15
659 38 4.316 43 8.647 49 12.050 17 16.781 3
830 16 4.412 27 8.878 29 12.109 38 16.867 2
901 48 4.415 24 8.915 12 12.118 1 16.993Z10
1.001 1 4.426 20 9.022 35 12.189 20 17.020 50
1.004 31 4.630 43 9.077 16 12.214 40 17.059 10
1.011 5 4.855 37 9.286 45 12.244 45 17.094 36
1.153 32 5.001 42 9.296 6 12.260 H 17.113 25
1.253 14 5.147 40 9.383 4 12.458 42 17.122^12
1.277 43 5.157 8 9.443 2 12.462 5 17.233 33
1.461 45 5.347 34 9.548 36 12.465 7 17,306 32
1.475 5 5.437 29 9.561 25 12.487 47 17.330 28
1.624 20 5 452 43 9.648 12 12.630 8 17.352 32
1.723 19 5.488 13 9.688 9 12924 6 17.430 9
1.726 33 5.542 12 9.704 47 13.025 13 17.443 39
1.850 32 5.577 32 9.919 7 13.036 3 17.525 13
1.851 39 5.626 7 9.971 28 13 304 24 17.548 48 1.953 8 5.713 3! 10.050 9 13.352 37 17.582 36 2.152 5 5.922 48 10 073 14 13.469 1 17,619 13 2.221 43 5.990 46 10 086 39 13.555 38 17.643 5 2.226 16 6.127 34 10.173 21 13.557 3 17.650 39 2.269 49 6.169 6 10.189 35 13.670 48 17.674 50 2.353 31 6.197 810 201 34 13.708 30 17.804 35 2.421 34 6.232 17 10.210 9 13.994 19 17.836 23 2.533 47 6.256 20 10.259 32 14.003 24 2.714 3 6 463 20 10.335 21 14.029 20 18,040 27 2.857 39 6.514 4 10.611 7 14.232 28 18.112 1 2.872 16 6.530 34 10.657 1 14,331 27 18.114 40 2.936 40 6.822 7 10.762 29 14.377 17 18.290 22 3 148 10 6.851 48 10.782 26 14.433 36 18.418 36 3.175 23 6.903 29 10.840 47 14.454 25 18.429 47 3.258 18 6.908 27 10.845 42 14.605 15 18.495 26 3 266 10 7.185 42 10.894 5 14.846 28 18,525 13 3 276 29 7.189 27 10.895 39 14.848 14 18.736 20 3 356 3 7.267 2 11.033 II 14.887 42 18.754 14 3.363 46 7,280 20 11.050 25 14.945 5 18.773 47 3504 26 7.325 14 11.091 41 15.113 31 18.862 33 3.525 33 7.340 30 11.149 46 15.148 14 19.009 30 3.553 19 7.358 41 11.197 24 15.332 40 19.224 4 3.581 2 7.365 49 11.199 13 15.336 8 19.238 36 3.590 3 7.397 23 11.256 20 15.442 42 19.344 12 3.696 19 7.551 6 11.387 41 15.722 48 19.522 9
3 761 1 7.586 29 11.402 24 15.765 37 19.566 35 3.762 16 7.620 29 11.493 14 15.991 18 19.676 46 3.827 30 7.636 24 11.558 40 15.995 1 19.815 27 3.831 31 7.897 15 11.676 25 16,000 13 19.907 15
4 037 17 7.952 4 11.693 45 16.033 10 19.913 45 4.087 23 7.986 27 11.698 50 16.049 38 19.973 40 4.098 45 8.164 43 11.772 9 16.153 21 19.985 12
Amorlisetas şchahdas sērijas:
265. 342, 748. 934. 1.093. 1.115. 1.177. 1.192.
I. 478. 1.842. 1.850. 2.169. 2.312. 2.338. 2.437. 2.709. 2.839. 3.084. 3.368. 3.433. 3.576. 3.628. 3.972. 3.984. 4.009. 4.063. 4.278. 4.366, 4.392. 4.412. 4.460. 4.633. 4.753. 4.975. 5.081. 5.178, 5.215. 5.426. 5.479. 5.505. 5.594. 5.655. 6.309. 6.355. 6.498. 6.553. 6.696. 6.707. 6.721. 6.985. 7.026. 7.231. 7.382, 7.575. 7.736. 8.260. 8.500.
8 593. 8.733. 8.738. 8.857. 9.052. 9.158. 9.186.
9 217. 9.357.9.949. 10.045. 10.050. 10.142. 10.419. 10.648. 10.725. 11.011. 11.055, 11.864, 11,925,
11, 936. 11.984, 12.054. 12.387. 12.404. 12.419, 12.486. 12.950. 13.345, 13.556. 13.809. 14.031. 14.117, 14.136. 14.490. 14.742. 15.016. 15.105. 15.159. 15.237, 15.354. 15.393. 15.736. 15.753. 15.801, 15.846. 15.906. 16.218. 16.226. 16.244. 16.380. 16.573. 16.781. 17.027, 17.572. 17.594. 17.656. 17.840, 17,969. 18.455. 18,702. 18.334. 19.113. 19.731. 19.906.