Katra 5W rubļus.
1ma Zeptembera izlohzechanas nummuri un winnezti.
Serias blietes
mimmcrs. nummers.
v,324 42 16,325 43 13.512 30
5,877 18 10,287 25 15,882 27
5,498 37
7.322 33 13,383 9
4,012 41
*) 18ta Oktvber! 1866.
t-Stattees Latw. aw. Nr. 38.)
Seria-5 nummers. Bittetes nummers. Zik minnejis.
Rub.
12.800 22 5000
8.919 11 5.000
Katra 1000 rubļus. Serias bietes Senas Biļļetes nummers. nummers. nummers. nummers. v,324 42 10,085 50 10.325 43 1,438 14 13.512 39 13,797 49 5,877 18 3,027 7 10,287 25 2,871 2 15,882 27 19,744 2 5,498 37 13,695 9 7,322 33 7,357 25 13,383 9 8,612 37 4,012 41 11,082 5 *) 18ta Oktvber! 1866.
Senas Biļļetes
nummers. nummers.
10,085 50
1,438 14
13,797 49
3,027 7
2,871 2
19,744 2
13,695 9
7,357 25
8,612 37
11,082 5
nu»»uevs. nummers.
15.705 5
18,763 37
18660 32
12,536 29
8.557 8
17.628 6 .
14.174 22
12,299 15
10,077 25
1,379 5
15.536 26
14,085 39
17.420 32
17,861 13
4.412 8
10.760 13
12,246 18
14.531 39
8,275 45
691 1
7,345 27
19.492 43
18.625 42
11,089 5
11.985 12
4.878 41
8,643 31
17.373 32
3,444 28
553 36
8 005 13
14 250 15
11 292 14
9423 5
10653 19
16-288 24
9,865 6
11-815 46
12,164 5
19,726 9
5-514 33
15,144 6
1,633 28
6,351 29
KahrtaS Serias Kahrtas Senas Kahrtas Senas Kahrtas Senas Kahrtas Serias KahrtaS SerļaS
nunimers. nummcrs. nummers. nummers. nummers. nummers. nummers. nummers. nummers. nummers. nummerS. nummers.
1 12.876 7 8,937 13 17,129 »19 537 25 15.360 31 17.180
2 15,400 8 13.579 14 565 20 7,218 26 5,341 32 2,751
3 263 9 7,277 15 15.838 21 10,588 27 3,055 33 6,158
4 2.289 10 13.438 16 19,203 22 7,174 28 18.822 34 14.752
5 10.001 11 15.820 17 18.410 23 201 29 1.340 35 13 845
6 2,595 12 4 905 18 8,970 24 15,455 30 6,872 36 16,958
nummcrs. nuīnmers.
3,040 33
11,058 44
19,203 31
1,282 35
18,003 21
10.775 4
15.135 10
13,809 20
13.304 5
17.993 9
5,303 2
10,576 18
8.465 14
9.722 41
14134 13
5.745 48
15.297 12
5.518 48
15,163 2
8,175 28
12.805 20
11,754 17
17,324 2
3.331 38
18.947 24
10.818 43
5,157 8
999 18
7,178 27
11.531 18
18,841 42
8,498 46
3,230 5
623 14
' 2.838 27
16,659 47
19,234 12
1.991 26
7,448 31
17,258 19
18.667 47
3.380 44
6,898 15
12,782 15
Kohpa 300 roinnesli par 600,000 rubļecm.
Kurras Metes zaur lohscschanu atpakkaļ ņemtas un us preekschu wairs uebmehs.
Scrias BiļļeteS
nuuiniclS. nuiumcro.
1,904 4
10,327 10
4.093 43
098 10
26339 49
5 142 40
9.810 9
4.281 35
11.053 3
18.753 9
2.472 34
12.422 16
13.598 4
12.646 37
13,338 35
1,588 4
1.562 4
19,239 30
15,375 17
16,010 6
6,021 40
2,670 27
5.019 46
14.501 11
15.307 41
19,597 36
7,797 42
8,859 37
1.482 25
19,735 22
17,235 10
14.050 18
4,361 37
496 3
3.700 5
8.916 31
3.219 36
13.769 14
18.490 16
10,249 39
9,557 23
9.847 6
6,890 25
19.996 36
scnao BiļļeteS
numiucrS. numnicrS.
15,004 1
18.007 0
7.122 35
5,037 14
8 098 42
18,505 20
45,910 49
10,950 17
8,772 23
7,027 47
12,089 27
4.439 35
9017 11
12.023 37
9,953 30
7,508 37
16,092 5
15,629 32
5.791 10
10,074 34
4,114 13
3.836 47
10,402 41
11,326 34
13.999 15
2,406 10
6,838 4
0,270 15
19.657 41
17.477 45
11.594 39
19,265 49
12,115 17
8,599 2.6
14-109 ,14
'12,280 11
14,428 34
1,416 34
15.843 43
17,376 21
5,193 48
767 39
18.127 40
16.897 26
Senas BiSetes
nuiniuers. nuiinuero.
16,111 2
10.977 34 11.596 43
6.368 2
4.966 22
7.047 42
1.888 19
4.825 28
13,466 48
5.613 28
19,986 9
16,320 34
13,039 22
15.182 26
17.821 7
17,973 26
7,683 49
7,039 16
4,208 49
377 15
4,413 24
32 19
9,351 10
11,277 28
13,854 11
11.986 15
19,939 7
11,066 31
3,390 46
11,474 12
16,342 22
11,021 4
6,401 7
11,918 12
12.978 8 11,613 26
8.350 33
14,584 29
14.4l8 17
17.186 35
489 23
12.209 22
10,983 5
473 42
numiiicrs. nummerS.
16.970 50
2.937 18
1.020 10
0.825 30
17,572 0
10.520 39
4.510 48
15.104 25
4.883 27
16.999 28
9.984 38
10.218 21
17.743 29
11.393 33
15.4.6 38
13.544 8
10.639 44
17.291 6
15,944 42
3,841 46
14.283 34
5,651 49
14.442 44
13,321 42
13.055 2
14.718 44
12.616 47
5,621 46
4,232 48
3 11
10.130 23
6.635 26
13,277 50
9.631 8
6.843 22
19.385 36
7.689 39
19,842 29
11.918 30
1,091 43