Tirgus ziņas.

Rigâ. 4. lanwarî. LabibaS zenas turahS, tatschu pirzeji atturahs. Kweeşchi: Kreewu, 126 lihds 128 mahrz. smagi, maksāja 92—94 kap. puda, Lļursemes, pehz labuma, 85—95 kap. pudā. Rudsi: 120 mahrz. smagi, maksāja S0 kap. pudā. Meeschi: şeşchkanşchu. schahweti. 100 mahrz. smagi, maksāja 63 kap. pudā, Kreerou, 110 mahrz. smagi, 02 kap. pudā. Ausās: Kreerou, mideja labuma, maksāja 61 kap. pudā, Kreerou, labākas sorteS, 62—70 kap. pudā, schahroetaS, 60 kap. puda. LinşehklaS: weenkahrşchahS, us 87'/zv/g pamata, maksāja 95 kap. pudā, stepju şehklas 88 kap. pudā. kaņepju schklas: schahmetaS, maksāja 103 kap. pudā.
Pee I. eekscheja prēmiju aisleenejuma 64 islosejuma 50/" biļetehm minnesti krituschi us schahdahm biļetehm:
200.000 rbļ. us sehr. 9.154 Nr. 46. 75.000 . „ 5 10.815 „ 38. 40.Ş „ » » 12.888 „ 15. 25.Ş „ „ 8.898 30.
3 Minnesti à 10,000 rbļ. us şehr. 6148 Nr. 10, sehr. 10.673 Nr. 8. sehr. 12.677 Nr. 18.
5 Minnesti à 8000 rbļ. us sehr. 6477 Nr. t. sehr. 9623 Nr. 16. sehr. 11.330 Nr. 2. sehr. 17.005 Nr. 32. sehr. 19.373 Nr. 15.
8 Minnesti à 5000 rbļ. us sehr. 3919 Nr. 1. 6144 Nr. 36. sehr. 7784 Nr. 16. şehr. 8321Nr. 36. 11.580 Nr. 35. sehr. 15.625 Nr. 49. sehr. 15.707 Nr. 23. sehr. 15.772 Nr. 32.
20 minnesti à. 1000 rubļ. us sehr. 850 Nr. 19. sehr. 1578 Nr. 32. sehr. 2616 Nr. 42. sehr. 3986 Nr. 38. sehr. 4605 Nr. 19. sehr. 5322 Nr. 9. sehr. 6725 Nr. 37. sehr. 8403 Nr. 36. sehr. 9460 Nr. 38. sehr. 10.237 Nr. 28. sehr. 10.714 Nr. 19. sehr. 12.415 Nr. 23. sehr. 12.527 Nr. 28. sehr. 13.101 Nr. 46. sehr. 14.690 Nr. 46. sehr. 16.176 Nr. 5. sehr. 16.475 Nr. 35. sehr. 16,945 Nr. 43. sehr. 17.201 Nr. 15. sehr. 18.620 Nr. 38.
Winnesti à 500 rubļ.
sehr. biļ. sehr. viļ. şehr. biļ. şehr. biļ. şehr. biļ. 342 50 4,198 9 8,504 1011,820 23 15,383 15 439 45 4,262 5 8,661 611,830 30 15,426 48 477 384,342 20 8.677 15 11,923 21 15.511 19 549 28 4,346 37 8,725 29 12.040 3 15,627 9 562 23 4.608 38 8.792 38 12.097 8 15,788 47 642 14.622 49 8.857 13 12,144 24 15,831 6 816 2 4.671 47 8,919 24 12,151 9 15,850 10 1,033 43 4.794 23 8,946 13 12,395 14 15.864 11 1,110 1 4.869 8 8.982 5 12.397 38 15.931 42
1.168 37 4.906 20 8,982 22 12.442 22 16,004 38 1.170 24.910 37 9.113 40 12,555 25 16,121 49 1.187 27 4.973 33 9,123 19 12,564 31 16.426 32 1,196 35 4.995 15 9,170 1 12,618 28 16.448 14 1.306 49 5,093 2 9,172 21 12.655 11 16.698 49 1.391 10 5,117 22 9.304 45 12,710 43 16.907 48 1.578 13 5,241 6 9,328 31 12,808 32 16,960 25 1.594 15 5,270 38 9,408 50 12,810 16 17.125 45 1.632 47 5,426 21 9,415 45 12.874 34 17,127 23 1,640 29 5,570 19 9,451 14 12,898 47 17.180 25 1.817 44 5.602 32 9.528 33 12.991 32 17,271 34 1,943 38 5,613 16 9,624 13 13.009 25 17,371 21 1,973 39 5,623 3 9,636 30 13,016 34 17,480 32 2.166 44 5.649 25 9,742 30 13,168 40 17,502 32 2,182 22 5.667 39 9.843 29 13,177 25 17,568 49 2.219 42 5.748 4 9.982 48 13,272 29 17.604 5 2.229 39 5,817 12 10,007 46 13.347 28 17,712 40 2,229 42 5.956 &gt; 3 10,082 1 13.548 8 17,770 43 2.193 20 5,973 25 10.118 7 13.556 49 17,773 1 2,365 206.041 21 10,131 38 13,584 6 17,906 16 2.388 35 6,230 16 10.146 22 13,637 37 17,963 39 2.391 28 6.392 39 10.204 46 13,640 42 17,990 42 2,423 47 6,547 48 10,260 27 13,784 45 18,059 33
2.452 506,551 48 10,324 27 13.821 3 18,111 31 2,592 36 6.586 3610.425 5 13,890 3 18,136 1 2,610 29 6,644 45 10,434 30 14,054 36 18,249 10 2,623 32 6,796 50 10,539 14 14.114 16 18.294 36
2.825 19 7,098 36 10.584 20 14,336 14 18,419 25
2.826 14 7,164 13 !0,605 42 14,387 25 18,456 49 2,843 13 7,284 36 10.608 21 14,482 16 18,520 49 2,904 13 7.307 42 10.641 6 14,568 32 18.601 31 3,076 13 7,433 9 10.717 II 14,631 36 18,842 3 3,195 391.501 39 10.734 32 14,763 40 18,990 22 3,359 11 7,765 48 11,140 49 14.785 6 19,284 1 3,463 14 7.921 5 11,252 43 14.852 14 19,301 6 3.536 10 8,080 6 l 1,265 II 14,907 26 19,325 39 3,822 31 8,177 20 11,263 2514,934 28 19,414 21 4,009 46 8,182 31 11,404 4014,947 16 19.434 5 4,050 22 8,271 50 11,464 18 14,977 37 19,564 45 4.066 48 8,367 40 11,584 39 14,987 28 19,645 49 4,072 32 8.462 3011,595 46 15,045 15 19.724 2 4,146 1 8,469 33 11,602 27 15,205 5 19,993 24
4.169 2 8,479 44 11,650 39 15,256 22 19,999 26
Amonisclas tika schahdaS sehrijaS:
22 2,597 6,052 8,499 10.760 13,936 17.094
72 2.995 6,147 8,677 10,832 13,969 17H27
283 3,445 6,225 8,687 11,286 14,435 17.562
624 3,449 6,368 8,705 11,373 14.517 17.922
652 3,661 6,663 8,967 11.378 14,584 18.024
735 3,895 6,753 9,0&gt;'5 11.544 14,881 18,364
839 4,101 7.039 9,071 11.649 15,016 18,489
864 4,494 7.371 9,223 11.870 15,170 18,610
1,122 4,602 7,379 9,258 12.180 15,523 18.862
1.418 4.664 7 468 9.266 12.230 15.658 19.063
1.453 4,809 7.509 9,375 12.349 15,693 19,751 1.529 4.904 7.585 9.556 12,352 15,765 19.786 1.543 5,081 7,615 9.661 12,422 15,967 19,863 1.993 5.610 7,667 9.673 12.749 16,184 19,971 2,185 5.664 7.806 10,105 13.012 16.219
2.321 5.972 7,948 10.214 13.252 16,543 2,381 5.987 8.062 10.260 13,540 16,773 2,517 6,007 8,289 10,634 13,588 16,933