Tirdzneeciba.
Otrà aisnehmuma S proz. prēmiju &gt;f
ķosejumâ 1. martā amort i s c t i sekoschi sēriju
numuri:
44 2682 .')185 8367 10651 13215 14834 17254
193 2689 5497 8484 10746 13357 14930 1729 i
207 2853 5633 8501 10792 13402 14941 16380
431 2877 5676 8515 10845 13406 14957 17409
535 3014 5744 8578 10940 13543 15135 17477
561 3034 5752 8749 10951 13561 15208 1762«
630 3038 5756 8882 11021 13588 15373 37634
635 3072 6013 8906 11073 13712 15404 1766t
643 3315 5114 8931 11113 13737 15469 17775
869 3354 6140 9030 11131 13747 15476 17832
895 3375 6212 1)069 11305 13839 15478 17863
»77 3727 6251 9110 11360 13849 15567 18021
1237 3768 6319 9116 11405 14050 15778 1805»
1277 3798 6474 9443 11412 14082 15875 18201
1345 3814 6480 9538 11651 14201 15877 1862«
1435 3841 6556 9575 It 653 14280 15961 1864«
1500 3960 6779 9585 11774 14339 16113 18694
1507 4252 6816 9748 HBOl 14346 16201 1874«
176» 4293 6902 9754 11923 14450 16248 18807
1928 4298 7042 9840 11934 14528 16276 1881«
2113 4299 7045 9848 11935 14542 16257 18825
2124 4536 7135 9896 12198 14643 16793 1883«
2206 4612 7365 9994 12214 14671 16841 18903
2328 4691 7824 10063 12288 14675 16895 19092
2354 4731 7965 10102 12305 14700 16915 19145
2440 4855 8011 10150 12393 14702 16921 1023»
2466 4889 8059 10171 12789 14753 16944 193« I
J 471 4988 8063 10291 12865 14788 17102 1944«
2593 5061 8234 10414 12996 14810 17140 19631
2505 5082 8281 10618 13185 14831 17203 1996«
Pa misām 240 rijas (12,000 biļeteS) 1 680,000
rbļ. kopmehrtibâ. Pret amorlisetàm biļetēm warès
saņemt 140 rbt., sahkot no 1. jūnija 1914. g.