Tirdzneeciba
500 rbļ. minnesti 2. janwara islosejumâ krituşchi us şekoşchàm I. 5 prozentu prēmiju eekschsemes aisllehmuma no 1864. ģ. biļetēm.
Şer. Nr. Şer. Nr. Şer. Nr. Şer. Nr.
131 02 4893 43 10169 12 15201 37
341 50 4978 47 10179 49 15202 18
395 32 5008 17 10467 18 15283 20
454 33 5033 15 10517 07 15283 35
526 27 5055 29 10551 39 15301 13
726 10 5061 2o 10610 36 15341 49
965 16 5120 07 10736 09 15345 33
1096 38 5167 02 10788 35 15421 33
1110 04 5257 46 10795 37 15433 12
 10 5501 01 10802 39 15456 43
1279 43 5327 25 10825 03 15534 30
1818 43 5554 09 10934 45 15898 33
1516 49 5833 34 11036 12 15908 36
1557 23 5865 08 11111 03 15983 21
1771 30 5856 14 11118 33 16052 17
1884 41 5913 17 11153 21 16180 45
1926 09 5934 14 11374 40 16348 14
2000 43 5964 21 11425 35 16447 42
2084 25 6002 18 11561 09 16486 19
2126 45 6014 38 11562 27 16583 15
2155 35 6027 23 11613 35 16856 17
2210 20 6320 35 11644 18 16951 25
2235 12 6443 01 11846 45 16985 33
2327 08 6489 05 12023 48 17038 38
2336 21 6643 25 12062 01 17072 43
2353 22 6698 33 12086 28 17127 20
2329 12 6708 32 12155 36 17145 10
2422 42 6770 32 12189 41 • 17155 45
2424 29 6801 11 12321 01 17297 02
2434 15 6891 50 12378 38 17367 45
2606 12 6951 24 12476 40 17401 09
2616 11 6969 06 12608 10 17415 0S
2742 42 6982 31 12618 23 17428 26
2859 38 7224 47 12688 38 17485 81
2964 14 7330 39 12822 22 17605 44
2966 12 7414 06 12826 26 17626 34
3054 34 5434 13 12864 13 17652 02
3257 41 7451 40 12869 04 17928 05
3305 35 7473 23 12869 17 17931 46
3349 01 7543 31 12888 48 17938 40
3387 10 7830 19 12929 28 17996 04
3636 34 7906 11 13076 21 18005 31
3543 48 7906 30 13197 07 18207 85
3675 06 7919 3V 13413 46 18229 42
3688 09 8048 07 13517 26 18406 21
3745 49 8100 15 13517 29 18436 09
3765 40 8151 18 13559 50 18515 11
3767 84 8201 08 13620 50 18574 50
3811 41 8305 20 13582 40 18616 47
3826 46 8321 25 13864 16 18671 09
3927 18 3593 42 13993 06 18750 49
3928 30 8657 20 14000 49 18780 13 3953 50 – 8832 41 14129 26 18781 18 3961 12 8857 16 14183 25 18334 49 4060 36 8900 09 .14187 25 18837 43 4273 16 9213 01 14264 31 18907 15 4334 12 9140 39 14348 30 18992 15 4485 19 9376 31 14575 17 19094 14 4582 30 9459 28 14664 37 19518 26 4630 18 9548 45 14694 26 19578 08 4665 1;' 9678 28 14716 50 19578 37
4803 02 9679 46 14726 11 19661 21
4804 II 9806 17 14733 27 19807 24 4810 9822 38 14337 44 19831 28 4887 1 7 9861 06 15078 12 19872 22
Tà pawişam bijuschi 300 winnesti par 600,000 rubļu kolpwehrtibâ.
Winneştu ismaşiaS, sahkot no 1. aprīļa 1913. g., notiks weenM wcrlsts bankas Pēterburgas
kantori. Naudas şaņemşchanas noluhkâ minnestu ihpaşchneeki war şêaslbiļetes eeşneegt&lt;iràetcjàm walsts bankas eestahdem lihds ar aissuhtişchanas isdewumeem. Teem. kaS grib winnestu naudu saņemt taisni 1. aprilt, biļete jaeesuhta laikus, lai ta mehlakai lihds 15. martam jau nonahktu Pēterburgas kantori.