Labas laimes lasitajeem!
Pehterburga, 2. Jūlija, Msdeena. 29. Vilkschana no pirmahs 5 prozenteS
Valsts-aisleeneschanas biļetehm tee leelakee Vinnesti us scheem nummursem isnahza:
200,000 Oļ. us Nr. 7894—28.
75,000 „ „ „ 13956—6.
40,000 „ „ „ 15290—38.
25,000 „ „ „ 17344—46.
3 Vinnesti pa 10,000 rubļ. us 17178—46, 16054—24, 14275—47.
5 Vinnesti pa 8000 rubļ. us 15356—11, 14393—39, 11470—24, 16885—3,
19768—50.
8 Vinnesti pa 5000 rubļ. us 14091—49, 7220—12, 1454—14, 3873—38, 8814 —12, 2217—7, 14701—42, 13717—40.
20 Vinnesti pa 1000 rubļ. us 1985—46, 9450—35, 1168—11, 7286—33,
17018—15, 4733—38, 16682—8, 13565—48, 17921—44, 18881—2, 15207—25, 15179-25, 1486—3, 10193—10, 16943—22, 15507—20, 4035—1, 1163—30, 8464—33, 1480—48.
Minnesti pa 500 rubļ.
Ģehr. Biļ. Ģ-ehr. Viļ. Z-chr. Biļ. Ģehr. Biļ. Aehr. Biļ.
81 1 8073 1 8108 1 13415 1 14483 1
14976 1 15288 1 18413 1 6323 2 15965 2
19525 2 88 3 945 3 1111 3 1621 3
2108 3 2572 3 2661 3 7278 3 8248 3
9065 3 10360 3 11232 3 11417 3 12412 3
181 4 6229 4 8445 4 18287 4 4510 5
6538 5 11540 5 12652 5 14166 5 19416 5
4237 6 4994 6 6283 6 2079 7 5620 7
2498 8 5622 8 7016 8 9815 8 9923 8
10893 8 11682 8 16671 8 17125 8 17803 8
1397 9 2371 9 8445 9 13467 9 2946 10
9186 10 10436 10 16427 10 19170 10 1717 11
3603 11 4140 11 4752 11 10456 11 13680 11
16977 11 2690 12 5035 12 6582 12 6854 12
9611 12 12613 12 14231 12 16519 12 17841 12
19404 12 1054 13 7070 13 8755 13 11928 13
2584 14 12820 14 13567 , 14 13590 14 16908 14
1323 15 7131 15 8264 15 8450 15 9633 15
17941 15 18061 15 18766 15 9565 16 11139 16
14676 16 14814 16 15675 16 15813 16 17085 16
19227 16 5364 17 5435 17 8160 17 9214 17
10478 17 3807 18 7937 18 10359 18 13813 18
18389 18 18857 18 18938 18 1453 19 7613 19
8136 19 10876 19 11227 19 12364 19 13240 19
14505 19 5873 20 9536 20 10902 20 12322 20
18774 20 19947 20 2677 21 15210 21 2531 22
10885 22 11897 22 12908 22 16678 22 16779 22
8629 23 9071 23 16687 23 19015 23 6280 24
7391 24 7472 24 9154 24 10355 24 11552 24
16568 24 18108 24 18254 24 19628 24 2355 25
3600 25 4865 25 6367 25 9139 25 13805 25
19153 25 19631 25 4464 26 5646 26 13422 26
14698 26 17527 26 2119 27 2367 27 5907 27
12004 27 13327 27 16779 27 17720 27 19891 27
2328 28 11882 28 18358 28 ?3181 29 6337 29
6564 29 1416 30 2244 30 3466 30 6541 30
9387 30 17939 30 1963 31 13874 31 16675 31
18933 31 5899 32 14468 32 3720 33 14838 33
16248 33 17458 33 9138 34 13621 34 22 35
2790 36 13120 36 14961 36 17413 36 18244 36
1744 37 2674 37 4690 37 9233 37 10610 37
14860 37 4657 38 6196 38 7180 38 6926 38
13535 38 7386 39 18651 39 6412 40 7346 40
8634 40 10747 40 15026 40 16396 40 18006 40
2216 41 15168 41 347 42 900 42 15088 42
15987 42 19349 42 5077 43 13592 43 16705 43
2919 44 14415 44 1726 45 6081 45 15215 45
18949 45 2208 46 9302 46 16771 46 18007 46
4268 47 9162 47 12510 47 12642 47 15897 47
-Ģehr. Ģehr. Biķ. Ģelir.    Aebr, Biļ.
5949 48 9823 48 17837 48 18839 48 15081 49
3977 49 12234 49 14264 49 8207 50 11089 50
11199 50 14358 50 15193 50 15549 50 19786 50 Jsmaksajamo un isdsehschamo biļeru nummuri:
134 3066 5433 9578 11797 14955 18038
954 3221 5693 9582 12077 15555 18474
1395 3620 7157 9947 12542 16044 18861
1498 3846 7232 10309 13804 16705 19010
1533 4526 7355 10401 13868 17623 19119
1595 4690 8046 10541 14069 17644 19353
1877 4723 8411 11361 14260 17855 19365
2325 4927 8664 11393 14330 17913 19392
2866 5306 9035 11631