Labas laimes lasitajeem!
Pehterburgà, 1. Merzâ. Schodeen, 54. reis islosejot otro 5-proz. eekşchejo prehmiju aisleeņu. winnesti krita us schahdeem nummureem:
200,000 rubļ. us sehr. 16,371 Nr. 40. 75,000 „ „ « 19,06 l 2. 40,000 „ « « 13,316 „ 43. 25,000 « „ «  „ 25. 3 winuesti à 10,000 rubļ. us sehriju 7939 Nr. 7, sehr. 12,325 Nr. 31, sehr. 13,759 Nr. 28.
5 wiunesti à 8000 rubļ. us sehriju 2714 Nr. 23, sehr. 4186 Nr. 48, sehr. 4766 Nr. 29, sehr. 13,704 Nr. 27, sehr. 14,592 Nr. 21.
8 winnesti à 5000 rubļ. us sehriju 1219 Nr. 48, şehr. 2031 Nr. 25, sehr. 4194 Nr. 18, sehr. 5066 Nr. 34, sehr. 8060 Nr. 25, sehr. 9293 Nr. 9, sehr. 10,845 Nr. 27, sehr. 19,602 Nr. 25.
20 wiunestu à 1000 rubļ. us sehriju 2434 Nr. 10, sehr. 3723 Nr. 16, sehr. 7650 Nr. 19, sehr. 8142 Nr. 15, sehr. 8953 Nr. 19, sehr. 10403 Nr. 13, sehr. 10820 Nr. 47, sehr. 11595 Nr. 8, sehr. 11748 Nr. 40, sehr. 12194 Nr. 15, sehr. 12199 Nr. 10, sehr. 12661 Nr. I, sehr. 14082 Nr. 16, sehr. 14513 Nr. 19, sehr. 15262 Nr. 39, sehr. 15491 Nr. 10, sehr. 15933 Nr. 9, sehr. 16227 Nr. 46, sehr. 16281 Nr. 23, sehr. 17292 Nr. 15.
Winnesti pa 500 rubļeem.
sehr. biļ. sehr. biļ. sehr. biļ. sehr. biļ. sehr. biļ.
52 1 3.768 10 7.524 36 11,803 8 15,016 22
100 48 4.059 22 7.745 1011.932 37 15.064 31
410 44 4.065 17 7,750 38 12.061 4 15.146 41
427 54.111 11 7.792 18 12.090 41 15.272 31
536 354.121 32 7.793 16 12.111 46 15.305 2
717 39 4.309 48 7.896 3012.216 35 15.569 12
764 19 4.413 38 7.946 37 12.253 12 15.640 47
847 24 4.531 7 8.153 35 12.329 9 15.687 22
944 34 4.551 48 8.235 4012.409 12 15.817 32
1.148 8 4.588 16 8.301 18 12.532 38 15.950 3
1 245 32 4.603 9 8.325 23 12 562 23 16.200 35
1.311 35 4.614 48 8.532 31 12.614 27 16.278 50
1.354 13 4.642 20 8.546 812.630 29 16.343 32
1.357 21 4.663 11 8.748 48 12.637 21 16.653 13
1.535 16 4.690 47 8.755 6 12.689 14 16.687 31 1.558 21 4.741 41 8.756 31 12.703 50 16.802 47 1.591 16 4 758 40 8.766 1912.724 33 16.841 4 1.704 35 4.799 34 8.771 712 761 45 16,871 5 1.734 35 4.815 50 8.778 8 12.806 41 16.998 1 1.748 37 4.818 43 8.790 49 13.033 49 17.033 9 1.764 13 4.988 23 8.809 22 13.052 21 17,201 13 1.774 23 5.173 46 8.897 15 13.064 9 17.308 38 1.894 22 5.185 2 8.964 38 13.089 3 17.449 3
I. 973 44 5.241 32 9.032 26 13.158 34 17.594 48 2.022 35 5.386 34 9.092 11 13.188 19 17.674 26 2.063 49 5.667 1 9.093 27 13.205 13 17.979 50 2.124 12 5.797 39 9.166 37 13.270 41 18.077 19 2.185 6 5.810 41 9.203 21 13.294 1 18.208 47 2.202 41 5.983 12 9.536 48 13.396 41 18.311 25 2.365 32 6.096 40 9,575 37 13.543 6 18.337 24 2.421 25 6.132 10 9.678 45 13.634 15 18,611 29 2.568 35 6.152 4 9.840 12 13.743 218.620 18 2.659 20 6.371 25 9.859 21 13.764 28 18.750 47 2.715 13 6.477 32 9.911 1 13.772 29 18.882 35 2.728 46 6,599 1 9.960 21 13.816 44 18.930 27 2.742 40 6.623 1 !0.156 18 13.836 8 18.943 31 2.768 15 6.685 8 10.239 25 13.887 43 19.021 14 2.842 43 6.761 48 10.261 40 13.901 41 19.065 6 3.004 16 6.762 1810,483 42 13.957 14 19.080 40 3.022 12 6.788 1510.950 26 14.037 8 19.113 50 3.034 14 6.791 31 11.041 37 14,161 41 19.160 23 3.096 5 6.802 12 11.133 30 14.179 28 19.210 4 3.134 13 6.827 15 11.256 49 14.240 2019.255 7 3.262 46 6.863 40 11 273 2614.259 37 19.329 27 3.276 43 6.992 16 11.576 25 14.288 7 19.348 16 3.305 21 7.002 28 11.587 38 14.336 47 19.609 14 3,313 27 7.033 33 11.601 23 14.463 5 19.652 34 3,381 34 7.225 15 11.635 17 14.591 38 19.680 9 3.527 7 7.404 2 11.648 6 14.713 25 19.737 48 3.542 22 7.412 22 11,657 33 14.819 24 19.767 31 3.632 7 7.419 35 11.742 45 14.968 48 19.873 38 3.747 6 7,444 2 11.758 41 15.000 2 19.936 42
JsnihzinataS tika schahdaS 96 sehrijaS: 137 373 468 611 649 1.524 1.553 2.057 2.189 2.490 2,498 2.532 2.737 3.037 3.289 3,333 3.514
3.536 3.567 3.785 3.842 4.349 4.951 4.976 5 063 5 251 5.273 5.487 6.411 6.788 6.896 6.973 7.256 7.875 7.879 7.885 8.128 8.176 8.187 8.307 8.497 8.823 8.843 8.952 9.290 9.477 9.602 9.816 9.905 10.544 10.562 10.625 11.301 11.464 11.798 11.826
11. 833 12.023 12.049 12.096 12.321 12.388 12.726 12.840 12.982 13.005 13.407 13.470 13.511 13.830 14.143 14.210 14.391 14.504 14.747 15.064 15.187 15.415 15.689 15.745 15.815 16.055 16.413 16.585 16.686 16.695 16.718 16.977 17.359 18.062 18.088 18.331 18.352 18 383 18.407 18.583 18.744 19.362