Labas laimes lasitajeem!
Pehterburgu 1. Merz. 18. wilkschanu no obtras 5 prozentu roalsts aisleeneschanas biietehm ẜchee nummuri nnnnejufchi:
Ģehr. Biļ. H Minnesļi. -Sebr. Biļ. Minnesti.
168 42 500 4773 20 500
171 43 500 4902 33 500
268 46 500 5118 17 500
278 39 500 5190 13 500
397 16 1000 5203 34 500
455 19 500 5216 3 500
535 44 500 5294 37 500
611 24 500 5346 33 500
714 41 500 5495 14 500
763 35 500 5611 18 500
1007 22 500 5648 48 40000
1142 5 500 5651 4 500
1301 8 500 5943 27 500
1306 26 500 5961 24 ' 500
1357 14 500 6151 36 1000
1362 34 500 6248 30 1000
1413 26 500 6267 12 10000
1427 2 500 6319 5 500
1606 7 500 6460 8 500
1706 41 500 6702 5 500
1743 50 500 6849 32 500
1816 31 500 6948 42 500
1865 18 500 7035 38 500
1873 19 500 7102 47 500
1968 44 500 7262 25 500
2088 49 8000 7307 21 500
2106 29 500 7360 36 500
2159 28 500 7561 22 500
2183 12 500 7600 22 500
2356 17 500 7653 8 500
2681 36 500 7675 33 500
2684 46 500 7680 16 500
2738 26 500 7707 48 500
2768 17 SOO 7760 34 500
2902 47 500 7761 36 10000
3001 14 500 7922 50 500
3057 12 500 8130 14 500
3093 19 500 8323 21 500
3113 30 500 8379 42 500
3200 17 500 8384 20 500
3203 7 500 8446 25 500
3301 5 500 8490 35 500
3367 11 500 8505 50 5000
3379 8 500 8511 9 500
3523 22 500 8520 35 500
. 3560 34 500 8599 48 500
3569 17 500 8614 27 500
3651 29 1000 8666 30 500
3744 49 1000 8722 3 500
3777 1 500 8777 36 500
3789 12 500 8875 30 500
3925 6 5000 8998 32 500
4075 6 500 9032 30 500
4078 29 500 9039 23 1000
4086 20 8000 9064 36 500
4113 33 500 9100 25 500
4225 10 5000 9107 13 500
4273 38 500 9250 28 500
4313 33 500 9360 41 500
4365 39 500 9371 40 500
4472 36 500 9582 33 500
4496 26 500 9627 5 500
4594 8 500 9646 3 500
4661 17 500 9719 38 8000
4702 14 500 9806 33 500
ķehr. H Biļ. A Minnesti ķehr. Biļ. Minnesti.
9812 33 500 12856 47 500
9844 35 500 12923 46 500
9888 50 500 12940 49 500
9924 10 1000 12942 15 500
9997 28 500 12999 20 500
10015 30 500 13157 19 5000
10026 1 500 13258 29 500
10031 43 500 13400 6 10000
10041 12 1000 13505 30 500
10166 49 500 13558 32 500
10192 26 500 13594 10 8000
10197 49 1000 13668 32 500
10235 25 500 13696 38 500
10401 20 500 13722 3 500
10639 44 500 13801 44 500
10852 35 500 13905 24 560
10875 36 500 13938 19 500
11010 7 500 13973 30 500
11026 40 500 14063 26 500
11196 19 500 14111 38 500
11255 40 500 14154 46 500
11265 2 500 14308 14 500
11269 34 1000 14418 7 500
11279 43 500 14576 45 500
11307 24 500 14604 7 500
11310 43 1000 14631 26 500
11403 2 1000 14637 48 500
11476 29 500 14674 7 8000
11636 17 500 14698 44 500
11653 14 500 14740 10 500
11707 13 1000 14805 38 500
11710 10 500 14919 49 500
11752 45 500 14926 47 500
11799 39 500 15049 41 500
11837 3 500 15110 17 500
11943 47 000 15219 10 500
11964 43 500 15222 25 500
12045 16 500 15241 50 500
12079 16 500 15327 12 500
12097 5 500 15410 30 500
12141 7 500 15435 11 500
12150 37 500 15488 47 500
12240 42 500 15501 20 500
12318 2 SVO 15507 7 500
12390 44 500 15702 46 500
12603 50 500 15736 35 5000
12690 27 500 15762 26 75000
12740 40 1000 15834 5 500
12761 43 500 15856 13 5000
-Sebr. H Biļ. Minnesti. ķebr. Biļ. Minnesti.
15985 7 500 17969 25 500
16055 39 500 17971 35 1000
16091 42 500 18018 42 500
16120 12 500 18029 33 500
16150 37 500 18041 40 500
16165 1 500 18073 41 500
16195 3 500 18089 29 500
16195 31 500 18178 50 500
16261 44 500 18202 36 500
16289 20 500 18205 11 500
16309 9 500 18209 40 500
16340 36 1000 18221 44 500
13381 32 500 18280 37 500
16413 12 500 18291 9 500
16415 35 500 18328 27 500
16624 19 500 18397 18 500
16670 12 200000 18432 18 500
16780 49 500 18493 39 1000
16781 31 1000 18602 34 500 16875 26 500 18680 47 500 16945 44 500 z 19023 7 500 17000 21 500 19036 37 1000 17051 30 500 19149 3 500
17100 40 500 19150 23 5000
17101 42 500 19216 10 500 17103 9 500 19438 21 500 17113 23 500 19474 14 500 17150 7 1000 19474 25 500 17241 39 500 19503 35 500 17265 27 500 19608 1 500 17312 3 500 19645 46 500 17031 1 500 I'Ķ7 12 500 17662 41 5000 19714 41 500 17712 47 500 19701 2 500 17739 – 44 500 19909 15 500 17830 7 500 20000 22 500
Ismakfajamo un iidsehfchami.' biļetu nummun:
30 2903 5495 9910 12861 15538 17614
220 3566 6092 10006 13843 15556 l^i^l
919 3639 7206 10705 14132 15741 16810
1144 4242 7854 11071 14636 16508 19594
1392 4318 8184 11239 14718 16632
2316 4978 8353 11978 15094 168H2
2453 5095 8901 12730 15179 17077
2528 5243 9841 12815 15411 172','i»
Latm Awiẜcbu apqak?anjs i I. W. Sakranowi.cz.