Labas laimes lasitajeem!
Pehterburgâ, 2. Maijā. Schodeeu, islosejot malsts-muischneezibas-agrarbankas prehmiju ķihlugrahmatas, minnesti krita us schahdeem nummureem: 200,000 rubļ. us sehr. 15,710 Nr. 37. 75,000 „ . 11,305 „ 8. 40,000 „ » 5,712 „ 48. 25,Ş 829 „ 44.
3 winnesti à 10,000 rubļ. us şehr. 812 Nr. 36, şehr. 5927 Nr. 21, şehr. 12,365 Nr. 23.
s winnesti à 8000 rubļ. us şehr. 910 Nr. 34. şehr. 7443 Nr. 44, şehr. 9538 Nr. 12, şehr. 13,836 Nr. 25, şehr. 14,914 Nr. 25.
8 wtnnesti à 5000 rubļ. us sehr. 2799 Nr. 4. şehr. 2902 Nr. 13, şehr. 3087 Nr. 47, şehr. 4506 Nr. 27, şehr. 5209 Nr. 16, şehr. 9449 Nr. 28, sehr. 9720 Nr. 15, şehr. 13,966 Nr. 8.
20 winnestu à 1000 rubļ. us şehr. 1633 Nr. 7, şehr. 1901 Nr. 2, şehr. 2306 Nr. 12, şehr. 3772 Nr. 21, sehr. 3951 Nr. 44, şehr. 4328 Nr. 49, şehr. 4816 Nr. 26, şehr. 6010 Nr. 31, şehr. 6045 Nr. 37, şehr. 7214 Nr. 19, şehr. 7381 Nr. 46, şehr. 7639 Nr. 46, şehr. 8868 Nr. 5, şehr. 9395 Nr. 9, şehr. 10,026 Nr. 13, şehr. 10,281 Nr. 9, şehr. 10,384 Nr. 7, şehr. 12,842 Nr. 32,.şehr. 13,723 Nr. 26, şehr. 13,829 Nr. 50.
Winnesti pa 500 rudļeem.
şehr. biļ. şehr. biļ. sehr. biļ. şehr. bit. şehr. biļ. 25 30 2.625 24 5.807 26 8.758 47 12.611 28 49 24 2.652 21 5.840 7 8.908 26 12.723 4 109 50 2.779 14 5.899 29 8.931 31 12.724 24 118 11 2.929 29 5.933 38 8.975 36 12,778 9 184 4 2.973 44 5.954 13 9.062 2 12.796 2 186 30 3.014 9 5.955 2 9.109 10 12.807 29 237 48 3.022 35 5,968 41 9.317 36 12.878 30 266 30 3.047 4 6.038 2 9.327 28 12.900 47 294 44 3.062 44 6.095 6 9.340 1 12.929 14 327 12 3,112 22 6.221 45 9.375 28 12.992 40 477 19 3.158 10 6.321 41 9.531 16 12.998 15 485 40 3.308 26 6.395 13 9.573 20 13.024 15 595 38 3.309 17 6.452 38 9.579 s 13 085 29 623 48 3.352 46 6.479 24 9,678 17 13.086 34 646 13 3.440 22 6.565 42 9.726 38 13 257 s 665 18 3.474 20 6.593 23 9.737 28 13.359 37 690 18 3.522 20 6.603 21 9.824 34 13 537 30 771 44 3.578 3 6.625 21 9.85« 3 13.550 10 880 4 3.647 29 6.629 22 10.015 43 13.553 1 959 20 3.670 19 6.678 43 10.021 47 13.630 21 1.010 40 3.755 32 6.788 1 10.107 7 13.651 21 1.037 24 3.803 23 6.818 20 10,319 45 13.707 34 1,046 15 3.941 2 6.980 48 10.338 34 13.916 9 1.058 14 3.946 44 6.988 6 10.558 44 14.016 28 1.065 10 3.972 23 7.015 4 10.578 32 14.051 25
1 109 9 4.006 26 7.037 8 10.695 17 14.065 11 1.185 50 4.041 38 7,071 39 10.361 21 14.080 47
1.200 38 4.142 42 7.115 43 10.874 19 14.081 31 1.283 42 4.197 24 7.153 50 10.946 41 14.213 10 1.308 23 4.205 21 7.265 1 11.097 38 14.240 19 1.329 49 4,298 29 7,265 11 11.188 7 14.279 32 1.400 47 4.310 87.309 29 11.414 41 14,304 47 1.437 35 4.433 8 7.412 11 11.423 9 14.354 34 1.441 41 4.436 9 7.420 31 11.505 34 14.438 8 1.510 38 4.581 17 7.644 9 11.548 39 14.600 43 1.558 1 4.592 27 7.652 38 11,571 1 14.643 15 1.674 27 4.602 30 7.672 42 11 659 20 14.756 37 1.711 39 4.745 6 7.711 29 11.659 32 14.905 29 1.720 28 4.904 31 7.889 23 11.670 49 15.034 40 1.793 38 4.929 7 7.965 41 11.674 27 15,135 24 1.825 22 4.964 22 8.081 19 11.700 11 15.165 2 1.992 4 5.046 50 8.090 11 11.890 34 15.173 18 1.997 1 5.186 12 8.166 8 11.920 10 15.342 1
2 023 5 5.241 28 8.420 33 12.000 15 15.366 39 2.056 15 5,332 18 8.527 34 12,024 2 15.479 16 2,136 44 5.416 49 8.550 26 12.148 34 15 619 16 2.15)4 24 5.419 17 8.593 24 12.193 6 15.630 20
2.201 25 5.511 10 8.608 6 12.195 47 15.640 11
 12 5.543 46 8.683 5 12.214 S4 15.746 32 2.329 4 5.604 35 8 690 35 12.254 . 5 15.828 20 2.415 »7 5 661 13 8.746 49 12.369 18 15.838 32 2.520 47 5.684 45 8.747 18 12.582 26 15.909 6