Labas laimes lasitajeem!
Pehtcrburgâ, l. Jūlija. Schodeen, islosejot pirmo 5-prozentn prehmijas aislecnn, minnesti krita ns schahdeem nnmmurccm:
200,000 rubļ. ns sehr. 5,357 Nr. 44, 75,000 « „ « 4,233 « 1, 40,000 „ „ „ 2,400 „ 20, 25,000 „ „ « 13,389 ~ 30.
3 Minnesti v 10.000 rubļ. us sehr. 3908 Nr. 12, sehr. 8344 Nr. 47, sehr. 16,220 Nr. 28.
5 Minnesti Û 8000 rubļ. us sehr. 5784 Nr. 34, sehr. 5999 Nr. 4, sehr. 11,012 Nr. 21, sehr. 11,344 Nr. 25, sehr. 15,369 Nr. 10.
8 minnesti û 5000 rnbļ. ns sehr. 2185 Nr. 21, sehr. 5856 Nr. 30, sehr. 9368 Nr. 31, sehr. 10,648 Nr. 12, sehr. 10,786 Nr. 14, sehr. 11,814 Nr. 27, sehr. 15,564 Nr. 5, sehr. 19,437 Nr. 17.
20 minuestu à. 1000 rubļ. us sehr. 2134 Nr. 8, sehr. 2599 Nr. 14. sehr. 3067 Nr. 5, sehr. 3432 Nr. 18, sehr. 4986 Nr. 3, sehr. 6087 Nr. 2b, sehr. 8761 Nr. 11, sehr. 9772 Nr. 38, sehr. 10,653 Nr. 17, sehr. 11,472 Nr. 7, sehr. 11,518 Nr. 28, sehr. 11,538 Nr. 11, sehr. 12,887 Nr. 1.;, sehr. 14,307 Nr. 36, sehr. 14,846 Nr. 39, sehr. 15,010 Nr. 37, sehr. 15,848 Nr. 3, sehr. 17,801 Nr. 5, sehr. 18,594 Nr. 48, sehr. 19,851 Nr. 5.
Winnesti pa 500 rubļeem.
sehr. biļ. şehr. biļ. sehr. biļ. sehr. biļ. fthr. biļ.
63 38 3,301 21 6,746 8 11,900 2 15,975 14 181 23 3,332 22 6,777 22 11,902 19 15,995 7 169 19 3,405 45 6,789 13 12,212 11 16,098 38 283 17 3,413 27 7,142 47 12,273 7 16,165 28 287 28 3,431 16 7,497 46 12,313 49 16,218 20 380 16 3,637 35 7,498 8 12,335 15 16,236 14 456 5 3,690 18 7,540 47 12,347 17 16,268 40 611 49 4,011 36 7,558 2212,377 12 16,411 18 697 44 4,203 19 7,685 5012,454 35 16,613 40 761 41 4,246 9 7.892 2312,469 41 16,642 5 836 48 4,280 14 8,025 1 12,532 25 16,644 25 908 20 4,308 42 8,810 46 12,560 44 16,656 38 977 42 4,354 13 8,207 2212,561 27 16,677 6 1,020 10 4,399 44 8,287 3 12,609 29 16,729 9
1.075 36 4,434 30 8,300 81 12,652 27 16,768 13 1,084 2 4,642 2 8,659 48 12,664 18 16,782 18 1,095 40 4,656 1 8,787 22 12,843 13 16,856 28 1,257 7 4,677 22 8,907 4 12,874 49 16,875 17 1,275 36 4,692 23 9,028 4013,152 48 16,994 37 1,383 41 4,694 2 9,109 9 13,246 38 17,052 3 1,392 204,728 20 9,131 13 13.296 16 17,103 30 1,438 1 4,752 48 9,170 33 13,321 36 17,15)2 36 1,583 12 4,846 42 9,221 313,374 1 17,155 19 1,635 36 4,847 14 9,227 49 13,524 23 17.268 38 1,642 13 4,901 35 9,296 25 13,848 8 17,335 7 1,648 10 4,939 17 9,302 40 13.964 25 17,654 7 1,697 27 4,'.&gt;84 48 9,457 45 13,968 38 17,879 31 1,740 37 5,027 7 9,461 24 14,035 30 1.7,888 47 1,802 17 5,027 32 9,535 16 14,072 1 17,937 13 1,828 26 5,045 23 9,567 2514,115 49 18,001 40 1,849 455,094 45 9,717 47 14,169 31 18,131 41 1,935* 7 5,253 49 9,796 45 14,315 47 18,152 32 1,945 24 5,283 46 9,817 38 14,350 II 18,224 1 1,970 23 5,327 18 9,828 2014,455 2618,323 8 2,004 31 5,377 2 9,862 20 14,492 12 18,646 3b 2,026 12 5,462 22 9,918 8 14,618 19 18,758 49 2,032 38 5,535 26 10,084 17 14,978 11 18,786 5 2,070 49 5,536 39 10,364 31 14,991 42 18,817 31
 13 5,615 43 10,439 415.085 11 18,834 22 2,195 16 5,650 15 10,470 7 15,354 5 1«,'.»N6 2,365 45 &gt;,669 33 10,701 16 15,361 21 18,959 46 2,388 17 5,733 14 10,993 22 15.493 18 18,976 10 2,388 49 5,845 29 11,048 4 15,495 21 19,012 I I 2,460 21 5,870 32 11,060 3015,512 11 19,092 36 2,679 47 6,042 12 11,110 29 15,561 27 19,121 40 2,715 12 6,132 33 11,131 34 15,564 40 19,181 14 2,864 32 6,218 32 11,197 36 15,652 24 19,202 25 2,889 30 6,234 18 11,338 11 15,745 36 19,320 10 2,966 44 6,274 23 11,441 22 15,757 11 19,584 45 3.030 13 6,279 14 11,508 6 15,909 19 19,673 48 3,065 25 6,564 28 11,614 14 15,924 1019,786 49
3.076 46 6,730 38 11,696 4 15,973 42 19,874 3
Jsnihzinatas tika schahdas N0 fehrijas: 488, 620, 1093, 1165, 1209, 16««. 1806, lì' 1889, 1952, 2340, 2420, 2773, 2852, 3480,3670,
3758, 4177, 4217, 4239, 4931, 4976, 5060, 5531, 5895, 5908, 6057, 6184, 6620, 6923, 6976, 7043, 7050, 7089, 7268, 7560, 7939, 8010, 8145, 8299, 8326, 8415, 8492, 8538, 8539, 8540, «656, 8850, 9003, 9413, 9425, 9628, 9878, 9895, 10,002,10,599, 10,745, 10,929, 10,942, 11,285, 11,365, 11,4«5, 11,953, 12,306, 12,512, 13,345, 13,628, 13,795, 13,817, 14,271, 14,341, 14,630, 14,707, 14,791, 15,406, 15,506, 15,541, 15,63!, 15,678, 15,878, 16,084, 16,462, 16,611, I 6,"18, 16,900, 17,120, 17,266, 17,278, 17,299, 17,440, 17,550, 17,615, 17,642, 17,957, 18,102, 18,399, 18,459, 18,486, 18,644, 18,752, 18,774, 18,965, 19,132, 19,504, 19,588, 19,627, 19,642, 19,709, 19,877, 19,943.