ņ
&gt;
XX
Z « * iļc3 ° Jj. Sļ s*ci XX
5 a -6 n
g. o"± ?Z « A«Z XX
lsAZ ,8* c j5 XX
2 65} B c Ä i S&lt; s. -3 8 s .—■ 8* ê jo XX
■ m * fļ a jLiī
o;
89- ■ jo XX
!2 |« £ 1* U 3 2 5ş ,8* sz £ XX
'3g» III Sfl m*n\ 1 g£ 2 .£ « îN-XZ XX c T . I
is S* —
■s a t»
I i ~'āL 0. o 3
1 2 32. «F 8* c I 5 a «i c r-
Se c m O j» «3 83- c Jš
XX
10
1910 3042 1910 6844 1911 10726 1911 14610
761 802 948 1911 17247 1911 20293
335 1911 22774 1911
25782
836 1911
30786 1911 36595
596 697 1911
p »
18
1911 046 1911 986 985 308 891 994 913
27
151
7093 11033 501
1910 1911 437 478 882
31011 &gt;
69
282 1910 120 047 1910 663
28034
084 893 190
636 I
73
314 1911 246 216 322 970
15045
085 118 1911 651 511 668 951 329 660 »
88
327 485 488 1909 330 718 136 179
26044 651
32004 1907 1911 677 ņ
110 174 ņ
1911 458 364 855 587 643 149 678 688 I •
362 429 1910 1911 627 667 1910 516 1910 414 977 211 298 181 753 908
33113
190 487 1907 1911 1910 1907 1911
1911 626 599 281
18029 682 746 799 872 879 252 1910 317 693 721 809 »
629 1911 625 334 120 265 1911 389
512 740 746 682 817 426 602 186 1909 326 406
566 646 1910 767 1910 1911 765
1910 194 1911 382 643 860 896 &gt;
1911 816 839 1911 12090
095 112 279 319 481 593 525 244 308 455 606
703 896 1910 908 791 868 929
16019
043 949 1906 498 672 712 ņ
899 906
36026
034 092 17-!
1910 1911
n
1910
816 859 986 1076 904 917 1911 8009 473
21097 1911 558 733
34044 *
n »
155 561 113 168 281 362 593 668 701 763 857 842 275 467
36060
104 i ņ n
1910 4065 281 375 &gt;
243 313 715 791 999
27046
137 &gt;
092 1911 449 083 830
120 464 544 841
1903 106 997 1910 429 283 389 116 356
272 322 ņ
679 642 845 1910 159
19040 1911 452 875 902 997
24116
252 120 m
477 496 497 768
37091
230 1909 1906 1911 1910 1911
»
632 969
SO68 138 206 615 532 633 635 771 834 702 814 915 1911 225 161 542 489 121 »
646 »
993 248 250 1910 194 671 629 570 137 i n
608 627 716 742 1910 1911 9020 156 218 326
18039
040 161 292 302 384 430 1909 1911 205 244 670 793 800 848 905 955 999
22039 745 853 876 138 172 n n
1910 1911 1909 1911 289 398 333 381 407 290 313 355 833
25005
074
28154 186 186 189 ņ n n
569 n
875 918 2119 1908 1911 430 533 453 573 688 736 830 935
14042 497 499 275 336 261 n
38013
544 n
1910 1911 687 594 649 675 528 1910 415
262 I 282 369 373 403 r&gt; ņ &gt;
1910 791
39102 1910 1911
227 313 734 859 645 739 1911 519
107 612 416 793
340 412 1910 981 6045 104 213 913 704 821 777 852 055 129 832
1911
10080 105 223 284 968 1909 938
40319 » ņ
564 598 1910 096 1908 1911 870 921 894 905 156 199 307 339 453 508 686 330 376 518 612 659 728
29072
627 832 1911 440 442 1911
n
1911 166 081 142 213 460 568 602 715
745 807 936 364 410 626 643 758 221 965 981
1910 979
20070 80016 481 643 n n
41294
602 763
44154 1910 1911
■
812
943 3029 1910 1911 1910 401 603 687
17046
185 234 1911 164 188 284 633 640 687 1909 544
566 I 577 n ņ
1910
n
1910
&gt;
Z « *
iļc3
° Jj. Sļ
s*ci
XX
10
1910
18
1911
27
69
73
88
110 174
1910 1911
362 429
512
566 646
1910
1911
703
816 859 986 1076
n
1910
092
1911
120
272 322
ņ
»
646
»
608 627 716 742
1910 1911
1910 1911
875 918 2119
1908
1911
227 313
340 412
1910
1911
564 598
1910
1911
745 807 936
1910 1911 1910
943 3029
c ķ.T 3*- c .o I aÄ o 2 e* 8* c Ž Iii ° sf !s*n'l Ļ ķ? be£ A-e 3, mttvi ** ~ – 2 a* ?ķķ 69- n -o I L â » p-c-l 2 &lt;3 £ c' IHļ ■mE e «i C
XX XX XX XX XX XX
o X es m * 5
N- s
1
3
1911 490 637 607 1911 1238 375 466 1911
2433 i 1911 679 ļ n 3153 217 1911 3715 736 1911 4784 916
5074 1911 6352 729 1911 8121 126 1911 8263 265 1911 8800 878 1911
n
26 30
663 638
641 I n 712 n 234 258 1909 1911 761 805 855 4002 109 206 372 7023 460 465 676 1910 1911 143 176 177 191 194 271 364 377 392
9127 412 640 677 864 1909 1911
42 87
7U1 716 801 846 860 892 932
1040 067 676 705 736
731 ļ 1910
804 1911 326 368 401 416 419 1910
118 138 833
997 » 031 178 1911 692 795 880 714 8051 196 410 414
169 224 250 826 878 966 978 2000 237 298
»015 * 081
083 » 115 » 610 648 248 271 487 660 670 774 1909 1911 911
6106 053 060 079 089 212 213 214 431 454 479 484
319 443 467
117 . 601 605 611
1910 1911 119 130 102 120 215 216 493 686
»
178 ■
127 . ■
182 i»
260 &gt;
c ķ.T
3*- c .o
1
3
1911
26
30
42 87
118
138
169 224
250
319 443 467
»
5 a -6
n
g. o"±
?Z «
A«Z
lsAZ
,8* c j5
XX
XX
3042
1910
6844
1911
046
1911
986
151
7093
1910
282
120
314
1911
246
327 485 488
1909
330
1911
458
1910
516
627 667
1910
1911
626
629
1911
740
746
767
1910 1911
1910
765
816
839
1911
896
1910
908
904 917
1911
8009
»
155
4065 281
375
243
313
&gt;
449
464
544
679
642
632 969 SO68 138 206 615 532 633 635 771 834
702 814
9020 156 218 326
1909 1911
430 533
1910 1911
687
734 859
981 6045 104 213
913
10080
096
166
364 410 626 643 758
221
812
401 603 687
I aÄ
o 2 e* 8* c Ž
Iii
° sf
!s*n'l
XX
490 637
607
1238 375
466
1911
1911
663
638
676 705 736
7U1 716 801 846 860 892 932 1040 067
826 878 966 978 2000 237 298
178
■
I. 4 1/2 % ķihluzihmes.
M, A à 1000 tU. (īDiotcfas).
2 65}
B c Ä i S&lt; s. -3 8 s .—■ 8* ê jo
XX
XX
10726
1911
14610 761 802 948
985
11033
047
216 322
970
15045
085 118
364
414
599
281
625
334
682 817
426
602
12090 095 112 279 319 481 593
525
791 868 929
16019 043
083
841
1903
106
845
1910
159
1911
915
225
993
248 250
18039 040 161
292 302 384 430
289 398
453 573 688 736 830 935
14042
497
594 649 675
704 821
1908 1911
870 921
081 142 213 460 568 602
965 981
17046 185 234
Lit. B à 500 rSļ. (stlas).
Ļ ķ? be£
2433 i 1911
679 ļ n
3153
217
641 I n
234
712 n
258
731 ļ 1910
804 1911
326 368 401 416 419
833
997 »
»015 * 081
083 »
115 »
610 648
601 605 611
117 .
127 .
■ m *
fļ a
jLiī
o;
89- ■ jo
XX
!2 |« £ 1*
U 3
2 5ş
,8* sz £
1911
17247
1911
308
501
1910 1911
1910
663
1911
651
718
855
977
18029
120
186
1909
194
1911
244
308
473
561
715
791
830
1910
997
19040
1911
161
1910
194
1909 1911
205 244
333 381 407
499
528
645 739
777 852
894
905
979
1910
20070
1911
164
188 284
n
A-e 3,
mttvi ** ~ –
2 a*
?ķķ 69- n -o
XX
1911
3715
1911
736
761 805 855
4002
1909 1911
1910
031 178
1911
1909
248 271
1911
487 660 670 774
1910 1911
■
XX
'3g»
III
Sfl
20293 335
1911
22774
891 994
437 478
28034 084
511
668
136 179
587 643
211
682 746 799 872 879
252
265
326
382
455
949
1906
498
21097
1911
558
113 168 281
362
593 668 701
763
857
429
452
875 902 997
24116 252
542
671 629
670 793 800 848 905 955 999
22039
290 313 355 833
25005 074
1910
1911
107
055
129
105
223 284
156
199 307 339 453 508 686
330 376 518 612
659
728
I L â » p-c-l
XX
4784
1911
6352
916 5074
729
7023 460
109 206 372
465 676
692
714 8051
795 880
053 060
911
6106
079 089
119
130
102 120
182
i»
m*n\
1 g£
2 .£ «
îN-XZ
c T
. I
is
S* —
XX
1911
25782 836
1911
882
893
951
26044
149
298
1910
317
1911
389
406
643
606
672
733
842
999
27046
137
&gt;
283 389
489
570
745
853 876
28154
275
336
415
519
612
832
968
1909
29072
1911
627 832
80016
633
640 687
1909
1910
2 &lt;3
£ c'
IHļ ■mE
XX
XX
N- s
1911
8121 126
1911
143 176
1910 1911
177 191 194
196
212 213
214
215 216
260
&gt;
■s a t» I i ~'āL 0. o 3
1 2 32. «F 8* c I
5 a «i c r-
Se c m
O j» «3
83- c Jš
XX
30786
1911
36595 596
697
1911 p
»
913
31011
&gt;
190
636 I
329
660
»
651
32004
1907 1911
677
ņ
678 688
I •
181 753 908
33113
190
487
1907 1911 1910 1907
1911
693 721
809
»
860 896
&gt;
712
ņ
899 906
36026 034 092 17-!
1910 1911
n
1910
34044
*
275 467
36060
104
i
ņ
n
116
356
120
m
477 496 497 768
37091 230
1909 1906 1911
1910 1911
121
»
137 i
n
138 172
n
n
186 186
189
ņ
n
n
569
n
38013
n
261
n
544
262 I 282 369 373 403
r&gt;
ņ
&gt;
1910
791
39102
1910 1911
416
793
938
40319
»
ņ
440 442
1911
n
715
481 643
n
n
41294 602 763
44154
1910 1911
■
544 566 I 577
n
ņ
1910
XX
o X es
m * 5
8263
1911
8800
1911
265
878
n
271 364
9127 412
1909 1911
377
392
640 677 864
410
414
431 454
479 484
493 686
e «i
C