as:
Krecwn telegr.-agcntura.
Ashabadä, 10. Maijà. Bukara» emirs te isbrauza zauri zelâ us Pēterburgu.
Madridê, 21. 19.) Maijâ. Tà ka kahdam Spah. neeschn twaikonim 3 reise» isdewces islaustee» zauri Kuhbas blokādei, tad awises aisrahda us to. ka blokāde „aw nekahda ihstenà. — Admirals Kamara pehz faruņas ar juhrleetu ministri, greesifee» atpakaļ us Kadiksu. kur wiņsch usņemsees komandn pahr resermes eskadri. kas drihſ isbrauks juhŗâ.
Madridê, 22. (10.) Maijā. Sagasta un Kastillo ar ziteem ministŗeem ilgi sarnnajah». Ģenerālis Blakno telegrafē, ka Amerikāņi schaudijuschi Newitasas kanāli un ka ar dumpineekcem bijuschas mairak sadurschanah».
Ki-Westà, 21. (9.) Maijā. Admirāļa Schleja efkadre apmetusees 6 juhdses no Ki-Westas. Turpat eeraduschees 4 leeli transport-kuģi, kas tuhdaļ dt'rufchee» zeļà us Şan-Paolo.
Kalkutâ, 21. (9.) Maija. Bomanituras preekschpiļşehlà nolika schodeen sakara ar mehri nopeetni nemeeri. Ļauschu puhlis usbruka kahdam ahrstam. kas noteiza apgabalu» preekẜch atşewischkahm barakahm. Lai tiktn no puhļa mala. wiņẜch schahma. pehz tam, kad ta» bij draudēji». No schabwttueem krita meen». un tika eemainoti diwi zilmeki. Puhlis şapulzejahs sanitetes birojas preekschâ un praşija, lai isdodot ahrstu. Lanschu bars tika aisdſihts projām.
Pekinā, 21. (9.) Maija. Kihneeschi pirmdeen eeņem» Weihaiweju. Angļi nahk» malā otrdeen, pehz tam. tad lapaneeschi buh» aisbraukufchi. Kihna» un Anglijas flagas pliminafees tik ilgi kopā. kamehr Angļi buh» eenchinuschi ehka». arsenālu un zeetokschņu». Pehz tam paliks Angļu flaga weena pati mirs zeetokschņa. Schimbrihscham pee Weihaiwejas atronahs 3 Angļn kara kuģi.
Muischnecku agrar bankas isìoscjumà tahlakcc winnefti şrituşchi us şchakdeem nummureem:
500 rbļ. winnesti:
Şer. Bit. Şer. Bii. Ser. Biļ. Şer. Biļ.
55 24 259 12 269 38 272 5 330 43 333 34 355 49 453 12 495 44 504 44 554 4 634 29 677 40 683 14 796 2 864 38 928 37 1039 31 1057 6 1082 19 1145 46 1152 45 1241 40 1249 28 1316 39 1318 16 1335 18 1502 32 1527 21 1650 9 1704 19 1722 14 1744 32 1763 11 1828 26 1882 30 1898 46 1933 1 2042 38 2061 16 2063 36 2066 48 2116 7 2194 42 2225 10 2294 34 2305 17 2355 19 2392 6 2420 18 2456 48 2522 10 2809 50 2815 3 3519 44 3543 46 3612 21 3634 23 3689 21 3728 2 3778 17 3926 14 4154 15 4173 9 4408 35 4445 42 4460 25 4515 31 4681 14 4686 30 4709 20 4803 9 4944 50 5095 26 8087 41 8195 12 8353 32 8536 16 8702 19 8786 4 8799 41 9003 49 9028 41 9105 9 9161 2 9501 14 9682 31
16
9824 16 9828 46 9891 36 9906 50 9964 25 9985 26 10025 39 10205 36 10288 7 10529 17 10563 23 10604 4 10608 14 10633 39 10662 9 10774 22 10787 19 10850 10 10850 36 10884 4 10930 33 10987 5 10994 44 11038 50 11059 3 11085 37 11086 22 11146 10 11155 11 11200 18 11454 22 11459 33 11520 39 11602 25 11617 3 11627 26 11636 44 11680 40 11807 19 11852 12 11962 3 11984 27 12034 7 12154 5 12190 7 12246 19 12275 49 12352 23 12368 19 12380 37 12566 12 12586 41 12595 35 12614 1 12634 46 12641 20 12679 6 12891 41 12971 22 13027 24 13034 35 13107 12 13135 29 13192 24 13416 46 13453 15 13464 32 13470 6 13519 46
5340 6 5365 21 5402 43 5413 50 5414 34 5449 6 5453 49 5521 31 5536 45 5561 5 5687 39 5777 29 5954 25 6060 19 6148 23 6178 28 6182 12 6322 47 6366 35 6407 5 6430 26 6432 28 6517 35 6522 39 6531 27 6634 2 6760 47 6806 15 6843 1 6987 19 7009 41 7056 7 7089 4 7155 39 7163 16 7215 34 7293 15 7420 35 7620 44 7629 19 7643 36 7723 34 7846 11 8030 32 8082 14 13548 11 13627 48 13635 44 13638 10 13651 31 13652 17 13739 35 13792 48 14038 22 14092 43 14117 45 14164 27 14211 34 14239 36 14316 14 14381 49 14439 15 14483 22 14534 41 14536 49 14632 18 14664 42 14749 22 14751 32 14836 32 14894 24 14994 18 15057 9 15068 37 15143 2 15147 48 15156 35 15199 45 15300 32 15308 19 15368 38 15375 20 15433 39 15440 22 15635 29 15637 9 15657 36 15676 45 15770 10 15792 28 15890 32 15897 14
2939 34 2965 23 3076 15 3258 9 3299 11 3309 16 3327 44 3350 24 3386 9 3412 9 3441 1
Şer. Bit.
55 24 259 12 269 38 272 5 330 43 333 34 355 49 453 12 495 44 504 44 554 4 634 29 677 40 683 14 796 2 864 38 928 37 1039 31 1057 6 1082 19 1145 46 1152 45 1241 40 1249 28 1316 39 1318 16 1335 18 1502 32 1527 21 1650 9 1704 19 1722 14 1744 32 1763 11 1828 26 1882 30 1898 46 1933 1 2042 38 2061 16 2063 36 2066 48 2116 7 2194 42 2225 10 2294 34 2305 17 2355 19 2392 6 2420 18 2456 48 2522 10 2809 50 2815 3
2939 34 2965 23 3076 15 3258 9 3299 11 3309 16 3327 44 3350 24 3386 9 3412 9 3441 1
Wisjaunakahs ſiņas.

Şer. Bii.
Ser. Biļ.
3519 44 3543 46 3612 21 3634 23 3689 21 3728 2 3778 17 3926 14 4154 15 4173 9 4408 35 4445 42 4460 25 4515 31 4681 14 4686 30 4709 20 4803 9 4944 50 5095 26
8087 41 8195 12 8353 32 8536 16 8702 19 8786 4 8799 41 9003 49 9028 41 9105 9 9161 2 9501 14 9682 31
16
9824 16 9828 46 9891 36 9906 50 9964 25 9985 26 10025 39 10205 36 10288 7 10529 17 10563 23 10604 4 10608 14 10633 39 10662 9 10774 22 10787 19 10850 10 10850 36 10884 4 10930 33 10987 5 10994 44 11038 50 11059 3
11085 37
11086 22 11146 10 11155 11 11200 18 11454 22 11459 33 11520 39 11602 25 11617 3 11627 26 11636 44 11680 40 11807 19 11852 12 11962 3 11984 27 12034 7 12154 5 12190 7 12246 19 12275 49 12352 23 12368 19 12380 37 12566 12
5340 6 5365 21 5402 43
5413 50
5414 34 5449 6 5453 49 5521 31 5536 45 5561 5 5687 39 5777 29 5954 25 6060 19 6148 23 6178 28 6182 12 6322 47 6366 35 6407 5 6430 26 6432 28 6517 35 6522 39 6531 27 6634 2 6760 47 6806 15 6843 1 6987 19 7009 41 7056 7 7089 4 7155 39 7163 16 7215 34 7293 15 7420 35 7620 44 7629 19 7643 36 7723 34 7846 11 8030 32 8082 14
Şer. Biļ.
12586 41 12595 35 12614 1 12634 46 12641 20 12679 6 12891 41 12971 22 13027 24 13034 35 13107 12 13135 29 13192 24 13416 46 13453 15 13464 32 13470 6 13519 46
13548 11 13627 48 13635 44 13638 10
13651 31
13652 17 13739 35 13792 48 14038 22 14092 43 14117 45 14164 27 14211 34 14239 36 14316 14 14381 49 14439 15 14483 22 14534 41 14536 49
14632 18 14664 42 14749 22 14751 32 14836 32 14894 24 14994 18 15057 9 15068 37 15143 2 15147 48 15156 35 15199 45 15300 32 15308 19 15368 38 15375 20 15433 39 15440 22 15635 29 15637 9 15657 36 15676 45 15770 10 15792 28 15890 32 15897 14
Amortisctas tapa şchahdas şcrij,
as:
37 2398 3947 5676 7585 49 2564 4116 5997 7670 61 2601 4227 6006 7868 165 2657 4229 6060 7881 206 2696 4249 6107 7919 226 2806 4479 6350 8089 330 3010 4662 6526 8407 744 3029 4674 6535 8567 796 3206 4820 6635 8710 1129 3271 4939 6748 8780 1217 3278 4978 6906 8956 1265 3390 5209 6924 9104 1511 3452 5382 7004 9249 1633 3458 5388 7034 9293 1717 3608 5462 7117 9745 1779 3693 5533 7121 10018 1998 3870 5588 7334 10332
3903 5674 7568 10396 10447 10702 10750 10805 10871 10969 11236 11.575 11609 11989 12308 12503 12654 13012 13069 13253 13545 14098 14112 14437 14529 14733 14823 15010 15097 15225 15256 15458 15484 15545 15786 15943
Amortisctas tapa şchahdas şcrij,
37 2398 3947 5676 7585
49 2564 4116 5997 7670
61 2601 4227 6006 7868
165 2657 4229 6060 7881
206 2696 4249 6107 7919
226 2806 4479 6350 8089
330 3010 4662 6526 8407
744 3029 4674 6535 8567
796 3206 4820 6635 8710
1129 3271 4939 6748 8780
1217 3278 4978 6906 8956
1265 3390 5209 6924 9104
1511 3452 5382 7004 9249
1633 3458 5388 7034 9293
1717 3608 5462 7117 9745
1779 3693 5533 7121 10018
1998 3870 5588 7334 10332
3903 5674 7568 10396
10447
10702 10750 10805 10871 10969 11236 11.575 11609 11989 12308 12503 12654 13012 13069 13253 13545 14098
14112 14437 14529 14733 14823 15010 15097 15225 15256 15458 15484 15545 15786 15943