Labas laimes lasitajeem!
Pehterburga, 1. Juli. ģchodeen 19. minnestu milkschana no pirmās Sprozentu walẜts aisleeneschanas biļetehm ẜchee nummuri rrķ nejuschi:
200,000 rubļ. sebrija 4960 Nr. 30. 75,000 „ „ 6516 ~ 50. 40,000 „ „ 18617 „ 37. 25 000 3847 12
3 minnesti pa 10.000 rubļ.: sehrija 12201 Nr. 28, sehrija 14703 Nr. 4. sehrija 6768 Nr. 48.
5 minnesti pa 8000 rubļ.: sehr. (9769) Nr.36, (5927) 43, (1112) Nr. 35, (18093) Nr. 6, (17589) Nr. 50.
8 minnesti pa 5000 rubļ.: sehr. (8630) 22. (13739) 47, (10519) 41, (5456) 2, (15869) 3, (18968) 7. (4934) 10, (8249) 32.
20mmnesti pa 1000 rubļ.: (15843) 19, (8475) 37, (14469) 50, (15095) 44, (15224) 45, (13650) 24, (11346) 28, (953) 48, (8965) 38, (14823) 43, (16562) 30, (14982) 48, (11336) 10, (16591) 39, (15778) 33, (585) 20, (1301) 44. (4905) 9. (269) 32, (9392) 21.
Pa 500 rubļ. minnesti: (13581) 9, (3653) 7, (10089) 44, (18424) 24, (15364) 25, (16189) 22, (19532) 16, (18056) 9, (18442) 33, (3401) 23, (13525) 41. (5849) 7, (9833) 35, (2894) 5. (3711) 8. (9302) 31, (14505) 8, (15213)9. (1655) 34, (9575) 2, (10138) 18, (16242) 14. (19614) 4, (19888) 34, (15534) 26, (3306) 9, (14525) 16, (16861) 33, (16057) 23, (1200) 16, (9970) 31, (11605) 24, (14470) 50, (19693) 31. (2277) 5,
(4378) 16. (5336) 32, (6236) 40, (8637) 10. (3550) 41, 1344) 25. (7659) 12, (19998) 32, (5877) 43, (17994) 49, (14550) 24. (9366) 28, (14048) 6, (8488) 7, (14337) 44. (6245) 6, (19230) 9, (7470) 2. (17175) 25. (6344) 16. (13757) 16. (10601) 33. (2978) 7, (8005) 24, (3990) 18, (11536) 17, (1143) 12, (17362) 3. (7105) 41, (10450) 15, (3364) 28, (7593) 19. (7943) 18, (15919) 14, (183) 47. (3149) 31, (16239) 50. (12544) 38, (1177) 40, (3014) 5, (4043) 2. (7528) 1, (5222) 40. (1684) 3. (9007) 50. (2102) 29. (14246) 44, (636) 33. (10504) 1, (10423)8, (16048) 34, (3700) 39, (919) 18, (19631) 7, (14559) 8, (951) 39, (9005) 6. (4908) 25, (6089) 44, (3972) 32, (14018) 21, (16953) 32. (1120) 2, (2226) 37, (3322) 12. (459) 48, (2996) 8, (17779) 35, (1838) 23, (4420) 36, (19877) 13, (16918) 21. (3807) 24, (9164) 10. (619) 30, (15214) 44, (2854) 13, (9175) 15, (2763) 48, (7039) 23, (40) 34, (9572) 49, (14103) 12, (4122) 50, (7827) 18, (18780) 3, (2243) 40. (624) 24, (14946) 2. (2037) 13, (402) 46, (10951) 1, (3304) 43, (12463) 16. (8160) 30. (5544) 42, (969) 24, (9645) 26, (17576) 48, (1510) 7. (12874) 24. (2880) 29. (4167) 23, (12608) 32, (8064) 24. (13134) 26, (6295) 9, (10386) 32. (7476) 1. (8563) 1, (1665) 26, (11028) 34, (18099) 17. (8158) 45, (4892) 16, (1981) 27. (2855) 4. (4111) 40, (3876) 20, (3004) 25. (15004) 35. (6978) 40. (7905) 21. (10409) 20, (17231) 28. (2423) 37, (6014) 5, (15487) 1, (8136) 7, (12987) 24, (6171) 30. (19525) 21, (16719) 44, (13485) 38, (15291) 49, (14960) 34. (16580) 48, (621) 43. (8175) 36. 12092) 25, (3544) 31, (8613) 45, (16186) 1. (12546) 46. (807) 20, (9949) 17, (12885) 31. (14804) 8. (8970) 16. (4913) 8. (1711) 23, (8199) 7, (9056) 24, (9235) 40. (9927) 47. (16625) 50. (7968) 17. (17418) 26, (10235) 48, (14389) 34, (12253) 32, (9592) 35, (16493) 43, (1) 44, (7120)
15, (16276) 17, (14554) 21. (17000) 5, (5692) 48, (9235) 43, (3397) 10, (2990) 37, (863) 42, (3438) 3. (93) 17. (15997) 14. (9421&gt; 2, (3902) 33, (9727) 12. (15103) 39, (16916) 50, (14960) 40, (12102)45, (7828)50, (9899)36, (18038) 46. (740) 11, (7418) 47. (8272)11. (3937)39, (19809)45.(6784)44, (16646)1.(15977)
16. (14405) 24, (17144) 19, (17919) 43. (9689) 23, (1028) 16, (17000) 31. (14150) 32, (136) 28. (3682) 25, (3239,24. (12281) 44. (6823)20. (239) 28. (9556) 32, (18156) 23, (2194, 34. (1327) 31. (17858) 4, (19801) 33, (12646) 6, (4575) 18, U368) 16. (1352) 28, (12936) 8. (13191) 20, (8657) 26, (5995) 6, (13970) 7. (11596) 19. 8528) 49, (2461) 25.
Ilmakfajamo un isdſehfchamo biļetu nummuri: 3261, 10804. 15270, 4955, 16699, 16215, 6565, 16667. 5152, 5428. 17164,
17597, 12524, 8447, 7807, 9270. 7406, 14345, 7304, 18117, 7672. 10016, 4914. 214, 9597, 463, 2271, 13398, 17606, 7603, 5584, 1249, 4041, 18122, 9087. 12061, 8027, 13301, 13112. 10554. 19936. 5814, 19873, 5749,8639, 15065,9438, 12170, 13000, 4909, 3473, 10905, 14587, 15073.