Labas laimes lasitajeem!
Pehterburga, l. lulijs. Şchodeen, islosejot pirmo 5-prozentu eekşchtgo prehmiiu alsteeņu. minnesti krita us schahdeem nummureem: 200,000 rubļ. us fthriju 3,984 X 2. 75.000 „ . . 17.510 „ 50 40.000 „ „ . ļ 6.276 . 42 25.000 „ . . 6.027 „ 14
3 miunesti à tO.OOO rubļ. us fthriju 4.286 X 29. şehr. 17.932 1» 15. set-r. 19.329 15 38.
5 minnesti à 8000 rubļ. us fthriju 452 X 32. sehr. 13,803 X 31. şehr. 19.881 X 4. şehr. 8,667 15 22. şehr. 15.402 15 35.
8 minnesti à 5000 rubļ. us fthriju 465 15 33, fthr. 10.893 15 24, şebr. 12.454 X 2. şehr. i 4.992 X 25. şehr. 1.558 15 47, fthr. 11.784 X 44. fthr. 13.924 15 7. fthr. 19.264. Ii 2.
20 winnestu à 1000 rubļ. us fthriju 234 15 ļ7. fthr. 391 li 50. şehr. 1.847 15 6. fthr. 2,052 15 6, sehr. 2,053 A 16. sebr. 6.629, 15 16. fthr. 9.278 15 26, sehr. 10.699 kI. fthr. i 1.286 19, fthr. 11.488 15 6. fthr. 11.972 15 6, fthr. 13.782 15 27, fthr. 14.505 15 12, fthr. 15.029 A 11. fthr. 15.081 15 8. fthr. 15,596 15 2. fthr. 16.005 X 16, sehr. 19,268 15 41. fthr. 19.830 15 19, fthr. 19.938 15 12. , , " , – &gt;,
Vinnesti pa 500 rubļeem.
sehr. 15 sehr. X fthr. 15 fthr. 15 fthr. 15
39 40 2,621 33 6.632 39 10.789 12 14.608 8
63 50 2.736 20 6.777 23 10.809 19 14.667 17
7l 18 2.769 12 6693 33 10636 9 14.735 1
85 12 2.855 42 6.914 32 10687 33 14648 31
167 14 2.895 46 7.045 49 10.936 34 15.112 42
193 2i 3.031 28 7.094 42 10.984 4 15.N9 10
222 3 3.118 6 7.202 22 11.020 12 15.215 35
338 13 3.152 9 7.267 39 11.201 33 15.265 37
351 25 3.172 24 7.427 17 11.240 22 15.383 16
366 43 3.205 49 7.434 23 11.389 23 15,403 43
379 44 3.43t 9 7.453 22 11.420 42 15.450 33
455 48 3.442 28 7.508 1 11.453 5 15.549 36
597 22 3.579 19 7,557 38 11.775 26 15.634 40
615 47 3.681 4 7.621 46 12.074 18 15.654 3
657 2 3.723 23 7,825 48 12.086 41 15.672 33
743 ll 3.867 36 7,82.» 6 12,108 16 15,785 17
74s 22 4.005 6 8.156 20 12.361 28 15635 11
759 10 4.074 19 8.289 33 12.402 49 15674 39
793 37 4,l l 8 27 8.385 42 12.447 20 15.876 28
808 35 4.143 10 8,471 8 12.462 32 15.934 16
814 24 4.145 6 8.600 I I 12,570 3 16.380 34
1.102 48 4.166 4 8.641 8 12.577 45 16.389 46
1.150 43 4,167 12 8.703 46 12,621 28 16.418 42
1.214 40 4.492 46 8.814 42 12.640 11  39
1.304 8 4.537 35 8.885 19 12.658 44 16.513 46
1.346 39 4.587 16 8.933 20 12.683 45 1 6.700 23
1.412 43 4,666 34 8.937 8 12.707 18 16.780 12
1,418 32 4.668 47 8.946 32 12,740 11 16613 6
1.430 49 4631 8 8.952 14 12.759 26 l 6.987 22
1.598 1 4.850 42 8,964 31 12.974 6 16,993 32
1.618 8 4.961 48 8,971 Is 13.066 39 17,278 2
1.652 15 4.968 39 9.054 8 13.168 39 17.373 40
1.674 10 4.970 30 9.147 14 13.279 48 17.386 39
1.731 34 5.105 32 9.323 1 13,329 31 17.494 7
1.746 23 5.182 9 9.356 41 13.452 26 17.648 29
1.751 33 5.220 44 9.399 21 13.489 50 17.717 18
1.769 8 5,314 32 9,447 41 13.524 42 18.120 35
1,775 30 5.444 47 9.454 8 13.550 5 18.290 19
1.804 45 5.518 45 9.475 25 13.587 7 18.504 23
1.897 40 5.521 18 9.486 9 13.653 12 18.670 48
1.905 4 l 5.607 1 9,514 44 13.679 48 18.780 24
2.017 42 5.625 42 9.776 47 12.767 47 18.826 22
2.072 17 5.785 39 9623 37 13618 26 18656 16
2.131 37 5.801 22 9696 45 12662 26 18.926 1
2.212 49 5.852 31 9.974 9 13.908 28 13.961 24
2.219 38 5 654 47 10.048 36 13.986 21 18.979 17
2.232 2i 6.156 2 10.112 28 14,131 27 19,287 15
2.249 2 6.233 44 10,202 32 14.404 37 19.508 40
2.253 I 6.295 35 10.307 43 14.418 27 19.621 4
2.350 30 6.357 11 10.398 18 14,492 15 19.812 33
2.438 28 6,360 38 10.479 43 14.540 27 19,828 35
2.559 40 6.613 27 10.504 4 14.561 I 19.932 39
Jsnihzinatas tika şchahdas 102 fthrijas:
47, 76. 910, 9!6. l 071, 1.207. 1,482. 1.759. 2,130, 2.142. 2.572. 2.780.
2.800. 2.837. 2.927. 3.018. 3.026. 3.225. 3.324. 3.501, 3,591. 3.652. 4.484. 4.698.
5.087. 5.544. 5.635. 5.711. 6.231. 6.309, 6,331. 6,378. 6,471. 6.611. 6,773, 6.785,
6,953. 7.071. 7,168. 7.350. 7.423. 7.702, 7.990. 8,134. 8.481. 8.865. 8.950. 9.007,
9.671. 9.682, 9.727. 9.813. 9.859. 10.182, 10.269. 10.252, 10.415, 10,427. 10.452.
10,535. 10.568. 10.633, 10,962. 11.133. 11.326. 12.124. 12.300. 12,540, 12.589.
12.817, 12.893. 12.969. 13.305. 13,373. 13.445, 13606. 13.938. 14.133. 14.251.
14.255, 14.643. 14.840. 14.883, 15.041. 15.253. 15.292, 15,526. 15,578. 15.717.
16.013, 16.585, 16.618. 16.978. 18.184, 18.192. 18.315. 18.828. 18.950. 19.155.
19,258. 19,443. 19.630.