Labbas laimes lassitajeem!
Pehterburga, 1. Juli. Minnestu ivilkschana no pirmās 5 prazentu walẜts aisleeneschanas biLetehm ẜchee nummuri winnejusck)i:
200,000 rubļ. sērija (17408) Nr. 8, 75,000 rubļ. sērija (7906) Nr. 40, 40,000 rubļ. sērija (6914) Nr. 10, 25,000 rubļ. sērija (17990) Nr. 11. Pa 10,000 rubļ. minnejuschi: (12831) 46, (10700) 40, (16327) 47. Pa 8000 minnejufchi: (9518) 43, (9184) 7, (4527) 31, (13849) 48, (2859) 36. Pa 5000 rubļ. mnnejuschi: (7861) 15. (19221) 36, (19359) 12, (10558) 10, (9313) 10, (10853) 43, (7557) 36, (19582) 18. Pa 1000 rubļ. Minnejuschi: (14159) 1, (4245) 14, (18177) 17, (18839) 7, (6806) 26, (157) 42, (945) 42, (16607) 44, (3910) 15. (8646) 1, (4598) 1, (17956) 47, (15748) 2, (6631) 34, (10317) 21, (18062) 43, (11557) 25, (7398) 15, (3209) 12, (8351) 40. Pa 500 rubļ. mnnejuschi : (8351) 40, (4490) 18, (8449) 45, (11366) 35, (13667) 48, (4497) 1, (6504) 21, (13238) 27, (1208) 44, (9014) 39, (3207) 20, (12309) 41, (7487) 41, (17256) 6, (8020) 25, (14312) 13, (8186) 28, (15066) 2, (6505) 41, (202) 23, (14873) 42, (14963) 43, (7737) 5, (18317) 33, (9530) 41, (7128) 47, (416) 19, (12505) 48, (9678) 31, (18392) 9, (3907) 22-, (10541) 33, (2174) 8, (18341) 7, (3954) 45, (2765) 34, (16906) 34, (57) 33. (4432) 39, (10149) 20, (16896) 22, (1995) 48, (7301) 29, (14042) 3, (14309) 30, (10253) 13, (16364) 40, (13485) 10, (19781) 8, (2104) 40, (18669) 48, (9205) 15, (17244) 29, (13413)
37, (17760) 16, (14835) 40. (10375) 17, (197) 18, (14985) 10, (18586) 10, (13024) 1, (817) 27, (14097) 4, (14453) 33, (10507) 24, (7992) 27, (9031) 11, (17211) 38, (7363) 45, (15744) 26, (13062) 26, (15283) 21, (15129) 46, (7546)
38, (9631) 18, (15140) 32, (400) 2, (17005) 22, (18907)
24, (18888) 50, (14674) 28, (4964) 38, (19494) 39, (15534) 10, (8474) 19, (11924) 42, (14182) 44, (9126) 37, (14199) 40, (9477) 20, (17950) 36, (3732) 41, (5177) 17, (12124) 20, (5019) 47, (12821) 21, (2510) 44, (8339) 34, (2452)
25, (1005) 12, (13377) 18, (11126) 23, (15582) 42, (5841) 16, (2010)  (16540) 37, (7851) 46, (17327) 2, (8863) 12, (7562) 16, (3322) 2, (1287) 46, (12974) 2, (1956) 38, (1394) 50, (19445) 44, (18232) 48, (12726) 10, (8679)
36, (978) 6, (18120) 5, (12709) 44, (7756) 36, (10418) 24, (2944) 43, (16481) 3, (4200) 29, (7928) 46, (1453) 22, (8840) 12, (18763) 22, (16231) 25, (2174) 38, (18454) 6, (16889) 9, (16937) 5, (2086) 41, (8114) 10, (14667)
37, (8156) 8, (7416) 37, (13784) 19, (7706) 11, (13911) 32, (4647) 39, (6781) 4, (15996) 22, (18036) 42, (10834)
26, (8572) 23, (19695) 25, (1887) 17, (19344) 45, (15531) 37, ( 058) 1, (3909) 27, (14698) 14. (15203) 40, (19738) 30, (16345) 49, (12753) 44, (4347) 13, (10414) 44, (11038) 49, (1785) 17, (11775) 47, (19157) 15, (12372) 47, (13552)
16, (11952) 28, (1397) 34, (4995) 3, (6930) 38, (17804) 48, (8341) 32, (12237) 24, (17192) 40, (5886) 28, (18225) 22, (17836) 9, (19205) 7, (14172) 3, (11077) 24, (7502) 50, (14932) 11, (12489) 41, (5846) 46, (7179) 8, (13324) 9, (6496) 29, (2786) 11, (18727) 42, (17413) 35, (3810) 5, (11878) 3, (18126) 45, (12250) 30, (10736) 4, (15208)
45, (3157) 22, (13728) 10, (3748) 33, (5886) 16, (6707) 50, (10616) 40, (12083) 23, (14905) 43, (16917) 41, (3656) 29, (3820) 46, (12526) 10, (369) 45, (148) 1, (18029) 20, (10879) 8, (4152) 9, (4366) 44, (18808) 18, (18264) 18, (13039) 24, (10210) 50, (18490) 60, (2526) 34, (16196) 16, (2483) 35 , (9429) 5, (14632) 37, (7189) 37, (1915) 32, (10043) 5, (16324) 10, (12856) 3, (14113) 43, (16257) 20, (15200) 44, (5202) 4. (11285) 26, (19943) 17, (343) 28, (11649) 13, (18638) 3, (1900) 42, (12302) 35, (16888)
46, (7547) 11, (1194) 35, (18014) 12, (10345) 2, (12864) 32, (14806) 38, (11330) 28, (1773) 30, (6992) 23, (11226) 26, (19534) 30, (19682) 16, (13788) 6, (3868) 33, (374) 5, (12784) 16.
Jsmakfajamo un isdſehfchamo Metu nummuri: 12360, 6189, 8463, 9964, 1014, 8196, 9383, 17831, 8696, 15838, 11964, 13731, 16324, 12711, 14256, 11718, 12385, 8924, 12104, 12009, 5523, 983, 9616, 16686, 4766, 13776, 16722, 4646, 3829, 3641, 19763, 18734, 2368, 3930, 13038, 3625, 7727, 10819, 17350, 17190, 7677, 16049, 8093, 19203, 3272, 17461.