А
Widzemes muizchneeku muizchu kreditbeedriba
isdarija 28. janwari 1905. gadâ 47*°/o un 4°/&lt;ï Widsemes ķihlusihmju isloseschttttU. ẜcho islosetu ķihlusihmju ismaļşaschana noteck no R 7. apriļa 1905. g. şahkot Wirsdirekzijâ Riga, Igauņu apgabala direkzija Jurjewâ, Sahmu salas jil alkasè Arensburgâ, Walstsbankas kantoros Şw. Pēterburga, Maşkawâ, Warfchawâ, Odesa, Ķijewa un Harkowâ, à&gt;alstsbankas nodaļās Wiļnâ un Rewelè, Mmdelşon un Ko. bankasnamâ Berlinè.
Jslosetas ķihlusihmes ir japeeneşs ar wişeem pehz 17. apriļa 1905. g. notczcdameem kuponeem. Ja kahdi kuponi truhktu, tad par teem tiks no kapitāla atwilkts.
jJro|rлftt Ntslhuna beidslls 17. llprill 1906. g.
Li А à
1000 rbļ. (wioletas). iii. В (ßl°s&gt; à500tili. Lit. С à
100 rbļ.
(dſelten ).
34 62 92
118 189 279 339 486 511 746 866 916 976 1288 648 566 819 854 6572 «11 848
6003 008 046 276 329 335 688 647 710 805 963
7199 238 279 460 491 631 630 701 797 856 889 890
8090
130 144 892 947
9018 036
10704
792 867 982
11138
147 235 266 323 549 671 616 752 849 866 880
12133
167 209 221 387 422 476 654 775 844 882
13004
065 169 258 405 537 566 765 859
14090
1*6 229 375 408 632 776 977
15397
550 622 713 Ш
15926
984
16349
418 663 716
21991 »2022
385 769 810 947 960
23063
091 195 204 255 453 822 990
24234
245 306 312 333 381 437 608 651 727 742 996
25016
134 159 196 233 304 451 517 627 662 690 692 729 762 883 953
26087
107 506 695 746 822
27108
113 264 343 604 732
28014
057 148 251 263 691 786 8ö3 885 898 931
29143
279 414 593 678 759 884 929 956
30000
201 363 436 534 574 747 765 914 948
81076
143 181 456 603 622 986
82103
231 289 409 612 737
32807
872 919 979
33358
476 796 818 845
34008
183 235 449 482 605 762
35302
432 771
36153
319 330 497 598 670 697 946
37909
930 985
38169
358
39414
568 820 933 403 574 665 784 1206 303 571 631 788 927
2261 430 509 739
3093 167 924
4074 645 989
5198 808 855 912
6113 841
7181 234 521
8512 i 1 – б 159 198 249 273 282 287 331 417 486 530 648 559 569 684 724 824 863 873 1050 192 298 396 435 458 619 678 681 686 759 802 860
2047 129 230 262 356 395 411 486 572 593 732 799 907
3083 092 122
3200 222 539 659 669 7605 712 749 797 822 992
8031
053 093 164 201 245 258 390 412 460 616 629 639 745 835 853 944 989
9069 098 311 354 356 416 463 592 665 700 725 749 896 943 967
16022
030 051 120 182 287 469 482 642 586
10602
744 862 953
11031
114 145 353 363 462 565 586 709 763
12041
0У5 107 206 273 498 618 628 684 701 856 888 992
13069
182 308 334 496 508 548 620 719 734
14034
055 096 186 194 240 267 491 569 593 671 731
14892
894 921
15027
116 121 154 163 219 244 328 345 562 679 670 720 731 927
16602
641 723 899 906 944
17095
243 268 468 527 531 611 713
18031
079 354 509
19385
470 737 834 847 962
26648
738 978
21813 22057
118 165
22642
7ЛЙ iva 737 854
23120
374 382 384 404 422 484 541 762 781 786 808 863 806 883 971
3240 473 482 48it 759
4193 347 513 618 702 748 903
50Г2 083 480
&gt;»',■•&gt;-. 17120
135 256 506 643 648 663 666 796
18201
252 426 714 756 818 826 940 964 967
19004
008 081 186 408 410 418 614 760 798 806
26113
117 439 484 834
21170
290 311 476 838 892 958 984 644 861 887 994
4067 203 400 413 429 496 514 652 676 832
5078 229 400
" 707
722 763 989
6018
188 213 214 356 429 442 453 637 657 679 872 897 910 947 989
7134 186 190 266 513 620 568
213 234 400 512 ЬУ6 940 970 984
10135
157 271 355 388 472 622 5вУ
Li
34 62 92
118 189 279 339 486 511 746 866 916 976 1288 648 566 819 854
&gt;»',■•&gt;-.
374 382 384 404 422 484 541 762 781 786 808 863 806 883 971
3240 473 482 48it 759
4193 347 513 618 702 748 903
50Г2 083 480
II 4°|o Wiisihmcs.
&lt;M. А &gt;
а
1000 rbļ.
(şarkanas). î
à
ķil. В tsa! 500 ìas) rbļ.
Lit. С л
а
100 rbļ.
(pelēkas).
198 64(3 Sbà
1047 176
1318 416 769 981
2021 2170 214 320 604 ess
8387 450 872 892 942
3970 4015 631 684 704 81
409 723 977
1288 1407 199 301 460 682 739 826 915
1305 1356 656 708
2100 2397 439 551 689
2711 3080 168 292
&lt;M.
198 64(3
Sbà
1047 176
Iftosà kiHtnfiHmzu numuri
à
1000 rbļ.
10704 792 867 982
11138 147 235 266 323 549 671 616 752 849 866 880
12133 167 209 221 387 422 476 654 775 844 882
13004 065 169 258 405 537 566 765 859
14090 1*6 229 375 408 632 776 977
15397 550 622 713 Ш
15926
984
16349 418 663 716
6572 «11 848
6003 008 046 276 329 335 688 647 710 805 963
7199 238 279 460 491 631 630 701 797 856 889 890
8090 130 144 892 947
9018 036
17120
135 256 506 643 648 663 666 796
18201 252 426 714 756 818 826 940 964 967
19004 008 081 186 408 410 418 614 760 798 806
26113 117 439 484 834
21170 290 311 476 838 892 958 984
213 234 400 512 ЬУ6 940 970 984
10135 157 271 355 388 472 622 5вУ
А
&gt;
а
1000
rbļ.
1318 416 769 981
2021
2170 214 320 604
ess
I 4% |o ķihlusihmes.
(wioletas).
21991
»2022 385 769 810 947 960
23063 091 195 204 255 453 822 990
24234 245 306 312 333 381 437 608 651 727 742 996
25016 134 159 196 233 304 451 517 627 662 690 692 729 762 883 953
26087 107 506 695 746 822
27108 113 264 343 604 732
28014 057 148 251 263 691 786 8ö3 885 898 931
29143 279 414 593 678 759 884 929 956
30000 201 363 436 534 574 747 765 914 948
81076 143 181 456 603 622 986
82103 231 289 409 612 737
(şarkanas).
8387 450 872 892 942
3970 4015 631 684 704
iii. В (ßl°s&gt;
à500tili.
32807 872 919 979
33358 476 796 818 845
34008 183 235 449 482 605 762
35302 432 771
36153 319 330 497 598 670 697 946
37909 930 985
38169
358
39414 568 820 933
403 574 665 784
1206 303 571 631 788 927
2261 430 509 739
3093 167 924
4074 645 989
5198 808 855 912
6113
841
7181 234 521
8512
î
à
ķil. В tsa!
500
81
409 723 977 1288
1407
Lit.
С
i 1 – б
159 198 249 273 282 287 331 417 486 530 648 559 569 684 724 824 863 873
1050 192 298 396 435 458 619 678 681 686 759 802 860
2047 129 230 262 356 395 411 486 572 593 732 799 907
3083 092 122
ìas)
rbļ.
Lit.
199 301 460 682
à
100
rbļ.
3200 222 539 659 669
7605 712 749 797 822 992
8031 053 093 164 201 245 258 390 412 460 616 629 639 745 835 853 944 989
9069 098 311 354 356 416 463 592 665 700 725 749 896 943 967
16022 030 051 120 182 287 469 482 642 586
10602 744 862 953
11031 114 145 353 363 462 565 586 709 763
12041 0У5 107 206 273 498 618 628 684 701 856 888 992
13069 182 308 334 496 508 548 620 719 734
14034 055 096 186 194 240 267 491 569 593 671 731
644 861 887 994
4067 203 400 413 429 496 514 652 676 832
5078 229 400
" 707 722 763 989
6018 188 213 214 356 429 442 453 637 657 679 872 897 910 947 989
7134 186 190 266 513 620 568
С
л
а
100
rbļ.
1356 656 708
2100
739 826 915
1305
(dſelten
).
22642
7ЛЙ
14892 894 921
15027 116 121 154 163 219 244 328 345 562 679 670 720 731 927
16602 641 723 899 906 944
17095 243 268 468 527 531 611 713
18031 079 354 509
19385 470 737 834 847 962
26648 738 978
21813
22057 118 165
iva
737 854
23120
(pelēkas).
2397 439 551 689
2711 3080 168 292
Prozent« ueschana deidsas 17. aprilî 1906. g.
p« muita *«* «grafi mm m m 28- jàr«Ş. g. wchl P«Şlst-hàs dch. ismŞchana.. êch° ķihlusihmju pr°z-n.u «şchķ kigà. blad.. stahà« «brikâ «frctâ tmmaâ. Za Ş dponi wchļm. tad wiņu wchniba kk. n° kap.lala atwà.
. 1000гЫ. "ТЙ*  ; г
ЩщрщШ ЩЩЩ/Ш h
1
Lu. В
àSOOrW.
şi&gt; XX
MļpPI T
~(00 т
g;* Г
à «О rbļ.
PriDMt» ņeşchaņa Lit. C.
л 100 rbļ.
Prozent» neşchana
3flfc4)
ЛвЛк ЛёЛк
toşàas). beigust«
17.
1900 ъ*: 17.
1904 10255 17.
21401 17.
Aprili 1903
17.
1901 bJ
1899 21942 p
3341 979 1902 10259
1903 154-10457 1904 22515 1904
3645 :X4 1904 1/W?&lt;M1 106УУ 22657 190»
IM »
tm 1409 10649 11196 23172
1902 23408 1904
IM 4729
IM 1899 im 1567 1990 IM 1902 11671 11732 1900
IM •998 1904
1471 IM 12066
7451 1904 12168
7477 1900 12198
10501 3383 1902 12314 1903
10771 3406 IM 12512 1904
10774 1X4 3662 1X4
12519 1903
12641 MI 3640 12532 190t
ШМ bo44 12559
131» 3852 1LAJ3 12792
MM 1901 3664 IM
13038
um 1X4 3672 SM 13560 1903
14654 1902 13610 1902
15116 1X4 1904 13632 1904
1r. "245 1900 1901 13898
16246 4566 1904 13960 1900
17557 IM 4611 14024
17742 1X4 5106 14158 1902
ШИ 5169 14519
IM 5365 14653
1904 5900 15062 1899
1901 15223 1901
fM 1904 15512 1899
10Ш 15514 1900
15647 1904
1X3 IM 15686
1904 7406 16261 1903
22377 7480 1904 16274 1900
IM 7490 1902 16703 1904
22534 1901 8141 16749 1902
22557 1904 8392 ГХ4 17294 1901
22919 m
6494 »
IM 17526 1902
1900 IM 1904
17783
27890 1900 8700 IM мае 18359
9187 ООО 18380 1902
27905 »
9338 1902 18511 1904
1901 19ÖU 18583 1903
1903 1901 18591 1902
1901 10062 IM 19191
31225 1904 10097 2&gt;.4&lt;j'-' 1903
31653 10118 1*&gt;2 21316 » я
. 1000гЫ.
"ТЙ*
; г
ЩщрщШ ЩЩЩ/Ш h
1
17.
3341
3645
7451
7477
10501
10771
10774
12641
ШМ
131»
MM
um
14654
15116
1r. "245
16246
17557
17742
ШИ
10Ш
22377
22534
22557
22919
27890
27905
31225
31653
Lit. А.
à «00 rbļ. Sit. в. 500 . 100 2it С.
à ЮО rbļ. Lit. C.
к 100 rbļ.
Prozent» neşchaņa
(forfmoi).
ДО ДО
ZKÎlt
(Pàs&gt;. ļxiguşcs (pelēkas).
ДО
ДО
17.
1»2 W 17.
ISffl 17.
1901 17.
ЩтШ 1900 1643 17.
ЯргШ 1904
1433 и:
1903 671 1901 2716
iii
19M 708 1900 2879 1901 im
UM 1205 1904 3046
Lit. А.
à «00 rbļ.
(forfmoi).
ДО
17.
а)
Lamccschu Şgabalâ.
à
ЮОгЫ. .УК
12436 20574
17. Okîobr! 1896 » » 1896
Rigà, 28.
janwarî 1S05. j
ö№ 39.
а)
Lamccschu
à
ЮОгЫ.
.УК
12436 20574
Rigà,
28.
Lu. В
àSOOrW.
şi&gt;
XX
1901
bJ
979
1903
154-
:X4
IM
IM
4729
IM
IM
•998
1471
1X4
MI
1901
1X4
1902
1X4
1900
IM
1X4
IM
1904
1901
fM
1X3
1904
IM
1901
1904
m
1900
1900
»
1901
1903
1901
1904
Sit. в.
500
ДО
1»2
W
1433
19M
Ш. 4°|о и Щщп „S" -psihmcļas ķihliisiļ&gt;mes:
Şgabalâ.
17. Okîobr! 1896 » » 1896
janwarî 1S05. j
ö-
№ 39.
Raiîditaşs
Ь 4'|2°|о адшше*.
MļpPI
17.
1900
1902
1904
»
tm
1899
im
п. 4°|о WtWßü.
17.
ISffl
IV. s°!o Nhlmibmts.
b)
Igauņu apgabala.
àlOOOrM.
Iß i
Prozennl neşchaņa
beiguşès 1
л 500 г .
* I betgufcÄ
sà Ю0 rbļ. I : : II .УЛк deiģuşès
8209 Т 17.
26056 17.
Oktobri 18020 23463 17. »
С stobri
»
1676 1890
àlOOOrM.
Iß
i
8209
T~
т
(00
3flfc4)
ЛвЛк
ъ*:
17.
1409
1567 1990
3383
3406
3662
3640
bo44
3852
3664
3672
4566
4611
5106
5169
5365
5900
7406
7480
7490
8141
8392
6494
»
8700
9187
9338
10062
10097
10118
. 100
ZKÎlt
ДО
17.
и:
iii
atweeşchn apgabalā. à
100 МИ
W.-Z'T 14542 17.
Cftobrì
atweeşchn apgabalā.
à
100
МИ
W.-Z'T
14542
17.
Cftobrì
Prozennl neşchaņa beiguşès
Т
17.
Widfe«es muischneeku muişchu Kreditbeedribas Wirsdirekzija:
«irsdirektors: P. fsn «OtņgA,.
Wir»rànts: E. baro* şâşO.
g;* Г
à «О rbļ.
ЛёЛк
1904
10255
10259
10457
1/W?&lt;M1
106УУ
10649 11196
IM 1902
11671 11732
IM
12066
1904
12168
1900
12198
1902
12314
IM
12512
1X4
12519
12532
12559
1LAJ3
12792
IM
13038
SM
13560
13610
1904
13632
1901
13898
1904
13960
14024
14158
14519
14653
15062
15223
1904
15512
15514
15647
IM
15686
16261
1904
16274
1902
16703
16749
ГХ4
17294
IM
17526
IM
17783
IM
мае
18359
ООО
18380
1902
18511
19ÖU
18583
1901
18591
IM
19191
2&gt;.4&lt;j'-'
1*&gt;2
21316
2it С.
à ЮО rbļ.
(Pàs&gt;.
1901
1903
671
708
UM
1205
b)
Igauņu
1
л 500 г .
* I
betgufcÄ
26056
17.
PriDMt» ņeşchaņa
17.
1899
1904
1902
1900
1904
1903
1904
1903
190t
1903
1902
1904
1900
1902
1899
1901
1899
1900
1904
1903
1900
1904
1902
1901
1902
1904
1902
1904
1903
1902
1903
»
я
ļxiguşcs
17.
ЩтШ
1900
1901
1900
1904
apgabala.
sà Ю0 rbļ. I : :
II .УЛк deiģuşès
Oktobri
18020 23463
Lit. C.
л 100 rbļ.
Prozent» neşchana
toşàas).
beigust«
21401
17.
Aprili
21942
p
22515
22657
23172
23408
Lit. C.
к 100 rbļ.
Prozent» neşchaņa
(pelēkas). ДО
1643
17.
ЯргШ
2716
2879
3046
17.
»
С stobri
»
1903
1904
190»
1904
1904
1901
im
1676 1890