Wisjaunakahs ziunas.
No Pehrerburgas 1 ma Merza. O btras usdewuaisleeneschanas winnestu wilkschaua ẜchee nuiumuri irr ismilkti:
(17215) 5, 200.000 rubļ.; (07059) 17, 75,000 rubļ.; (13005) 15, 40.000 rubļ.; (09220) 3. 25.000 rubļ.; — pa 10.000 rubļ. winnejuschi: (09032) 30, (00524) 38, (05729) 24; — pa 8000 rubļ. mimiejĢi: (03694) 22, (10019) 9, (00177) 29, (14357) 40, (11541) 33; – pa 5000 rubl. winnejuscl,i: (14885) 17, (17795)44. (02255) 6, (02837) 27, (00598) 33, (19022)45, (10675) 44, (11380) 50; — pa 1000 rubl. wuiuejuschi: (19248) 25, (06748) 1, (03583)29, (14442) 3, (04579) 46. (15232) 39, (17490) 5, (06253) 42. (12205» 33. (12477) 44. (11617) 50, (05081) 32. (16812) 21, (00783)31, (15448) 47. (19387)50, (06710)24, (03930) 38, (03317) 14, (05950) 18. Minueftes no 500 rubļ. fcheem mnmuureem krittuschas: (09513)46, (01756) 38,(14525)19, (18431) 5, (10052) 36, (11605) 11, (05265) 26, (10818) 17. (12877) 2. (02830) 45, (11754) 38. (02093) 11, (05729) 26, (07234)2, (09372)33, (19966)3. (17375)21. (14073) 17, (13770) 37, (00126) 40, (09369)35, (07690) 37, (09772) 31, (11456) 26, (19315) 30. (17050) 25. (09851) 16, (12113) 36, (02397) 46. (17220) 4, (18378) 19,
(11285) 25. (11443) 33. (07466) 16, (06728) 43. (17238)
16, (02375) 28. (14829) 48, (15613) 8, (09867) 41, (06300) 29. (18165) 16. (11869) 22. (09317) 22. (00646) 13. (09666) 36 . (17242) 25. (09137) 46 , (07996) 49. (1565:) 17, (15205) 27. (12757) 10. (13755) 27. (07959) 40. (03096) 13, (17057) 48. (16407) 33, (13712) 30, (17980) 24, (10634) 15. (08207) 36, (08597) 6, (19215)
26. (02541) 31. (17'.&gt;&gt;&gt;()i 47, (02150)9, (09135) 34, (19397&gt; 28. ((,2830) 35. (04»15) 36, (17416) 36, (i&gt;3291) 37. (04579) 17, (00596)47. (0(i517)47. (13256)38, (09844» 27. (10046) 41, (09596) 37, (15651) 18, (18685) 10. (05518) 1. (18968)6. (13085)41.(01685) 43, (05668»
18, (09729) 39. (03951) 32.(17222)24. (11782) 18, (03773) 7, (15128) 43. (07563) 9. (01982 39. (09443) 31. (19022) 19. (16523) 15, (18802) 35, (19648) 1, (00363) 47,(05346)2.(12860)17. (15622)16, (00863) 15. (10312) 33. (»2715)50, (16695) 2, (01137) 10. (14394) 13. (10351) 18. (00494) 23, (05648) 37, (02826) 36. (06220) 50, (11693) 34, (05755.26, (14180) 25, (11438)15, (09176)8. (04091) 44. (02864) 27, (01850) 5, (19140)
19. (17685)49. (10148) 9, (40491) 44, (12978) 26, (17735) 18, (15807) 19. (13338) 2. (01841) 33, (16239)
17. (17695)11, (07977)34. (00956) 43. (18987) 14, (16277) 44. (11038) 20, (05647) 7, (18434) 47, (10039) 21, (16116) 21, (07281) 43, (00264) 49, (00703)49, (08741) 13, (18587) 6, (13911) 2, (07828) 16. (18794) 40, (09139) 9, (18321) 25, (12042) 21, (17912) 34. (19102) 29, (19765) 31, (14819) 20, (07420)40, (13240)
27. (18498) 43, (16890) 37, (04455) 18, (03558) 42, .11830) 35. (06302) 47. (16051) 42, (11907) 50. (18789) 26, (13015) 31, (03447) 24. (00529) 27. (07877) 1.(11464) 6. (19683) 33, (05500) 3, (06167) 32, (18202) 3, (17176) 46. (01134) 49, (13434) 11, (00671) 48, (17915)8, (07651) 17, (15567) 50. (16824) 28. (08060) 49. (17439) 2, (02397) 10. (01350) 40, (09840) 7, (16054) 13, (04853) 17. (04480) 14, (15389) 48. (02433) 45, (19162) 30, (03893) 27, (02985) 45, (09540) 3. (06318) 39, (06615) 32, (01804) 49, (14124) 48. (02468) 37,(19866) 44. (03332) 35, (19226) 18, (00249) 47, (13140) 35, (07329) 17. (15032) 46, (15160) 30, (18636) 27, (13813) 37, (08686) 20, (19698) 28, (13891) 8, (01536) 28, (17786) 28. (09812) 39. (01707) 33, (04230)28. (13889) 10. (07225) 48, (19692) 15, (10017) 30, (02405)27, (02113) 24, (09415) 18. (19298) 39, (10567) 8. (13368) 9, (04644) 3, (10026) 37, (08198) 1, (03264) 38, (06081) 2, (19641) 40, (12240) 37, (03318)35. (05560) 35, (04351) 13. (05212)37, (15727) 36. (09114) 31, (08903) 29. (05894) 46, (04051) 29, (12120) 1, (06671) 24, (07060) 6. (11862) 49. (01593) 12. (18218) 50. (00750) 2, (17306) 2, (08768) 28, (13571) 33, (11438)35. (18894) 25.
Preekẜch ismaļsaselianas un atmcschanas ẜchihs sērijas irr isunlktas: 14092, 13251, 19222, 16471. 11453. 11446. 02663, 08078, 08255. 18133, 05766, 16873, 01385, 09895, 00236. 02447, 07629. 09685, 10343, 16650, 00544, 06652, 05221, 06963, 17872, 18160, 05234. 07532, 07484, 07942, 08097, 12165, 12741, 06960, 00243, 08643, 12907. 05552.