Labas laimes lasitajeem!
Pehterburgà. 1. Merzâ. Şchodeen, 40. reiſ islosejot otro 5-prozentu eekşchķigo prehmiju aisleeņu, vinnesti krita us şchahoeem numnmreem: 200,000 rubļ. us Nr. 13,530—31, 75.000 „ „ „ 17.218- 4, 40,000 ~ ~ „ 11.042—41, 25,000 „ „ „ 17,168-45.
3 winnesti pa 10.000 rubļ. us NNr. 4,598—11, 18,048—48. 4.625—32. 5 winnesti pa 8000 rabļ. us NNr. 7,871-22, 4,613—34, 920—34.2,999—45, 2.4^3-37.
8 roinnesti pa 5000 rubļ. us NNr. 19.129-11, 14,876-19, 5,605—27, 4.633 —11, 13.335—10, 15,228—14. 9,358—29, 17,915—45.
20 roiuuesti pa 1000 rubļ. us NNr. 2,260-45, 1,308—9, 2,985-12, 1,812 -12, 13,422—1, 2,957—15, 3,995-44, 6,846-27, 586—35, 779—39, 7.157—28, 511-12, 13,418-46. 7,324-43, 1,411—43, 15,388-13, 16,566—1, 16,086—14, 19,173—19, 8394-2.
Winnesti, katrs 500 rubļ.
şehr. biļ. şehr. biļ. şehr. biļ. şehx. bìļ. şehr. biļ.
11 4 4378 35 8713 21 13447 30 16862 3
47 15 4401 38 8735 4 13459 26 16921 14
119 9 4467 22 8795 43 13695 12 16939 17
278 2 3 4500 27 8841 3'/ 13762 7 16965 28
540 26 4538 41 9060 8 13804 6 17037 28
612 27 4587 4 9152 15 13ķ 33 17074 43
667 2 4739 47 9240 6 13879 35 17288 28
708 13 4772 28 9246 26 13881 22 17305 50
853 2 4774 7 9411 4 13963 14 17311 1
864 8 5329 26 9503 22 13966 30 17499 3
918 33 5330 31 9537 48 13967 31 17573 26
972 8 5405 48 9545 17 14060 37 17600 5
1128 10  9609 3 14137 28 17637 13
1252 38 5490 25 9617 46 14249 21 17677 5
1336 38 5578 33 9652 44 14259 24 17767 9
1563 34 5623 22 10216 19 14380 1 17839 38
1578 32 5663 49 10251 37 14558 7 17857 14
1634 17 5690 38 10412 13 14678 3 17990 34
1761 13 5745 1 10466 13 14678 8 17909 26
1907 20 5789 20 10752 39 14680 H 17927 4
1944 25 5792 29 10774 15 14716 34 17958 49
1978 36 5817 37 10877 33 14757 5 18031 16
1987 29 5978 22 10882 42 14779 20 18032 13
2033 15 6147 33 10982 44 14798 44 18088 10
2035 2l 6292 21 11126 1 14848 36 18105 39
2093 15 6296 43 11187 36 14893 1 18120 23
2099 33 6333 50 11292 4 15021 32 18208 4
2151 22 6393 41 11306 15 15026 5 18551 12
2259 22 6420 10 1137 i 1 15204 13 18750 11
2326 31 6433 37 11486 44 15317 28 18834 25
2327 25 6510 21 11554 25 15335 38 18919 9 2349 49 6829 15 11619 25 15342 14 18932 9 2355 28 6953 28 1,642 15 15500 34 19038 30 2390 1 6981 25 11816 14 15629 22 19043 29 2537 6 7123 7 12103 36 15664 32 19065 38 2576 25 7170 37 12126 12 15679 7 19145 37 2713 10 7265 7 ' 12197 44 15743 22 19167 23 2828 16 7498 29 12388 17 15756 25 19185 13 2918 28 7550 5 12397 44 15790 14 19280 17 3026 50 7558 26 12399 15 15875 37 19491 2
 6 7656 3 12654 27 15901 46 19506 27 3258 38 7717 49 12657 20 15955 1 19549 6 3318 20 7913 44 12690 48 15959 9 19568 42 3414 25 801 z 45 12775 20 16015 27 19653 42 3819 29 8113 50 12935 37 16209 13 19665 44 3859 3 8191 8 12973 34 16216 39 19674 34 3900 45 8252 34 12994 -34 16489 25 19859 33 3929 20 8352 33 12998 31 16533 29 19905 38 3985 13 8411 24 13001 2 16600 39 19946 41 4055 13 8435 48 13284 44 16628 12 19963 16 4234 15 8462 46 13328 36 16723 33 19968 26 4335 4 8464 37 13416 35 16821 44 19969 16
Jsnihzinatas tika şchahdas 78 şehrijas:
60, 369, 770, 1460, 1527, 1691, 1945, 2120, 2403, 2502, 2781,2808.3481, 3883, 4086, 4180, 4262, 4422, 4605, 4857, 5304, 5768, 5865, 6510, 6552, 6854, 6990, 7108, 7291, 7425, 7639, 8324, 6683. 8753. 8758. 9102, 9245, 9483, 9881, 10,190, 10.554. 10,580, 10,659, 11,324, 11,346, 11.848, 12.004, 12,312, 12,411, 12,492, 12,561, 13,069, 13,090, 13.137, 13,218, 13,297. 13.752, 13,874, 13,876. 13.927, 14.078, 14,403, 15,215, 15.758, 15,806, 15.947, 16,053, 16,316, 16,367, 16,420. 16,746, 16,797, 17,120, 17,153. 17.962, 18,477, 18.660, 19,647.