m
Pehterburga. Pee 1. Jūlija s°/o prehmiju biļetu isloseschanas winnesti krita us schahdeem nummureem:
200.000 rubļ. us Nr. 14.098 46 75.000 „ „ „ 6960 41 40.000 „ „ „ 16.424 39 25.000 „ „ „ 14,690 11
3 roinnesti a 10,000 rubļ. us NNr. 13,996 39, 3436 43, 17,759 4.
5 roinnesti a 8000 rubļ. us NNr. 12,500 18, 4894 23, 17,424 36, 3725 14, 15,731 25.
8 roinnesti a 5000 rubļ. us NNr. 4073 11, 9860 24, 9799 10, 6282 5, 13,920 11, 9579 47, 17,003 36, 14,916 24.
20 roinnesti a 1000 rubļ. us NNr. 14,607 49, 8618 33, 10,331 47, 10,561 3, 1040 10, 11,025 24, 4984 15, 1267 45, 19,168 39, 4490 19, 4791 8, 14,597 18, 16,232 5, 15,739 45, 13,623 3, 9963 3, 8767 50, 1418 20, 12,323 23, 2383 29.
*) „Wara-wihksnas" simts-rubļu gabali.
Labas laimes lasitajeem!
m
linnesti a 500 rub
iļ.
sehr.
67
122 287 295 331 458 702 807 934 962 998 1018 1025 1086 1283 1319 1352 1354 1550 1680 1835 1977 2052 2174 2220 2301 2332 2426 2487 2503 2539 2780 2780 2824 2840 2849 1959 2997 3044 3054 3123 3184 3218 3434 3470 3486 3626 3934 3970 3995 4096 4122 biļ. 28 13 46 25 49 17 18 44 27 12 35 1
49 30 38 35 26 48 42 39 46 44 35 5
44 49 49 16 34 42 18 33 39 42 35 41 19 19 41 25 21 8
20 33 9
27 22 32 18 21 50 6
sehr. biļ. 4243 49 4256 18 4291 1 4331 37 4565 50 4572 28 4611 14 4667 50 4701 18 4769 26 4877 33 5102 18 5187 32 5326 3 5363 46 5541 3 5562 31 5596 36 5649 26 5872 41 5895 26 5925 49 5948 8 6041 41 6074 28 6087 21 6168 30 6550 46 6573 17 6577 10 6636 15 6690 28 6804 35 6916 37 6993 25 7001 15 7019 6 7165 50 7186 37 7253 15 7271 3 7817 10 7830 33 7866 10 7902 19 7992 35 8050 37 8141 15 8150 17 8155 31 8169 37 8315 50 sehr. biļ. 8333 41 8557 24 8600 31 8728 33 8847 27 8919 42 8927 38 8996 48 9018 17 9022 38 9122 39 9125 19 9143 29 9164 29 9225 43 9251 24 9265 32 9493 30 9509 10 9506 29 9628 27 9711 44 9736 6 9790 22 9963 43 9973 14 10180 11 10184 43 10275 47 10523 12 10553 45 10765 50 10791 18 10793 9 10854 3 10855 11 10995 21 11073 41 11198 39 11300 46 11384 14 11436 43 11545 34 11732 6 11737 25 11759 12 11614 12 12011 18 12093 10 12096 17 12137 40 12161 45 sehr. biļ. 12318 16 12384 3 12438 25 12570 31 12580 3 12628 44 12719 9 12829 14 12891 45 12895 31 12993 15 13015 26 13151 23 13309 3 13384 28 13413 28 13529 42 13560 14 13600 2 13689 32 13696 36 13722 1 13816 42 13822 6 13847 37 13859 46 14014 28 14016 25 14091 11 14185 6 14216 1 14236 8 14424 48 14477 3 14511 35 14526 37 14775 6 14893 13 14798 17 15043 37 15151 13 15191 24 15250 44 15284 17 15379 50 15449 17 15578 15 15617 14 15641 45 15661 2 15664 38 15767 35 sehr. biļ. 15776 1 15780 19 15964 37 16004 20 16039 38 16222 50 16247 26 16351 29 16362 11 16496 8 16515 22 16591 2 16658 20 16751 18 16993 15 17240 12 17263 12 17385 44 17642 24 17687 3 17847 33 17860 41 18116 22 18192 23 18201 21 18255 34 18261 27 18447 47 18458 5 18472 26 18510 1 18530 1 18535 6 18646 16 18675 49 18693 23 18842 16 18843 14 18890 23 19062 45 19175 39 19182 16 19275 49 19358 28 19380 1 19423 8 Ik525 45 19701 28 19845 5 19899 28 19916 1 19949 32
Amortiseeretas
! tapa jchahdai
s 74 fehrijas: 16805 16897 17383 17528 17557 18153 16636 19223 19510 19665
9
79
291 369 424 578 770 1136 1501 1551 1600
1675 5756
2086 5868
2482 6173
2818 7169
3797 7288
3861 7521
3913 7565
4877 7567
4947 7797
5292 7981
5332 8092
8169 8335 8526 8606 8771 9047 9377 9794 9988 10383 10527.
10771 1296
10774 1334
11038 1380i
11311 1437
11524 1476i
11563 1535!
11642 1549'
12195 161H
12366 1640
12497 1665
sehr. 67
122 287 295 331 458 702 807 934 962 998 1018 1025 1086 1283 1319 1352 1354 1550 1680 1835 1977 2052 2174 2220 2301 2332 2426 2487 2503 2539 2780 2780 2824 2840 2849 1959 2997 3044 3054 3123 3184 3218 3434 3470 3486 3626 3934 3970 3995 4096 4122
biļ. 28 13 46 25 49 17 18 44 27 12 35
1
49 30 38 35 26 48 42 39 46 44 35
5
44 49 49 16 34 42 18 33 39 42 35 41 19 19 41 25 21
8
20 33
9
27 22 32 18 21 50 6
sehr. biļ.
4243 49
4256 18
4291 1
4331 37
4565 50
4572 28
4611 14
4667 50
4701 18
4769 26
4877 33
5102 18
5187 32
5326 3
5363 46
5541 3
5562 31
5596 36
5649 26
5872 41
5895 26
5925 49
5948 8
6041 41
6074 28
6087 21
6168 30
6550 46
6573 17
6577 10
6636 15
6690 28
6804 35
6916 37
6993 25
7001 15
7019 6
7165 50
7186 37
7253 15
7271 3
7817 10
7830 33
7866 10
7902 19
7992 35
8050 37
8141 15
8150 17
8155 31
8169 37
8315 50
Amortiseeretas
9
79
291 369 424 578 770 1136 1501 1551 1600
1675 5756
2086 5868
2482 6173
2818 7169
3797 7288
3861 7521
3913 7565
4877 7567
4947 7797
5292 7981
5332 8092
linnesti a 500 rub
sehr. biļ.
8333 41
8557 24
8600 31
8728 33
8847 27
8919 42
8927 38
8996 48
9018 17
9022 38
9122 39
9125 19
9143 29
9164 29
9225 43
9251 24
9265 32
9493 30
9509 10
9506 29
9628 27
9711 44
9736 6
9790 22
9963 43
9973 14
10180 11
10184 43
10275 47
10523 12
10553 45
10765 50
10791 18
10793 9
10854 3
10855 11 10995 21 11073 41 11198 39 11300 46 11384 14 11436 43 11545 34 11732 6 11737 25 11759 12 11614 12 12011 18 12093 10 12096 17 12137 40 12161 45
! tapa jchahdai
8169 8335 8526 8606 8771 9047 9377 9794 9988 10383 10527.
iļ.
sehr. biļ.
12318 16
12384 3
12438 25
12570 31
12580 3
12628 44
12719 9
12829 14
12891 45
12895 31
12993 15
13015 26
13151 23
13309 3
13384 28
13413 28
13529 42
13560 14
13600 2
13689 32
13696 36
13722 1
13816 42
13822 6
13847 37
13859 46
14014 28
14016 25
14091 11
14185 6
14216 1
14236 8
14424 48
14477 3
14511 35
14526 37
14775 6
14893 13
14798 17
15043 37
15151 13
15191 24
15250 44
15284 17
15379 50
15449 17
15578 15
15617 14
15641 45
15661 2
15664 38
15767 35
sehr. biļ.
15776 1
15780 19
15964 37
16004 20
16039 38
16222 50
16247 26
16351 29
16362 11
16496 8
16515 22
16591 2
16658 20
16751 18
16993 15
17240 12
17263 12
17385 44
17642 24
17687 3
17847 33
17860 41
18116 22
18192 23
18201 21
18255 34
18261 27
18447 47
18458 5
18472 26
18510 1
18530 1
18535 6
18646 16
18675 49
18693 23
18842 16
18843 14 18890 23 19062 45 19175 39 19182 16 19275 49 19358 28 19380 1 19423 8 Ik525 45 19701 28 19845 5 19899 28 19916 1 19949 32
s 74 fehrijas:
16805 16897 17383 17528 17557 18153 16636 19223 19510 19665
10771 1296
10774 1334
11038 1380i
11311 1437
11524 1476i
11563 1535!
11642 1549'
12195 161H
12366 1640
12497 1665