Labas laimes lasitajeem!
Pehlerburgâ 1. Julijâ islosetahs pirmahs 5-prozentu prehmiju aisleeņas winnefti wehl krita us şchahdeem nummureem:
Winnesti, katrs 500 rnbì. leels.
şchr. biļ. şehr. biļ. şehr. biļ. şehr. biļ. şehr. biļ.
152 16 4372 17 8263 32 12822 22 15879 20
203 8 4405 39 8494 24 12830 30 15987 44
253 7 4419 47 8656 35 12890 40 16071 10
256 19 4478 45 8956 21 12949 6 16223 39
538 18 4542 36 8421 24 12991 50 16232 26
549 49 4732 37 8430 26 13017 49 16257 42
702 4 4749 46 8600 21 13039 9 16311 43
743 20 4789 26 8888 8 13043 39 16347 2
843 43 4838 45 9153 31 13084 47 16364 5
921 41 4862 45 9155 23 13179 28 16553 22
1038 34 4937 49 9168 27 13179 29 16583 9
1063 41 5082 42 9170 36 13268 30 16604 9
1211 14 5089 43 9199 15 13275 16 16618 28
1260 21 5201 19 9420 37 13350 10 16647 47
1351 4 5364 42 9552 18 13367 8 16940 49
1397 22 5544 19 9659 13 13372 46 17095 33
1410 29 5630 48 9715 2 13404 44 17148 19
1517 18 5701 7 9797 26 13420 9 17299 36
1592 49 5707 5 9887 6 13461 47 17422 25
1611 50 5878 41 9948 18 13653 8 17500 33
1792 38 5948 29 10087 7 13680 36 17522 50
1923 3 6107 49 10177 27 13752 32 17871 24
1931 22 6120 14 10250 24 13818 28 17890 4
2017 47 6126 6 10254 15 13827 12 18173 29
2449 21 6146 45 10496 44 13906 50 18174 11
2475 11 6146 16 10560 40 13910 1 18310 50
2746 32 6187 33 10904 12 13916 40 18329 40
2868 2 6225 44 10568 37 14034 19 18467 5
2886 35 6404 6 10830 35 14059 6 18486 l.&gt;
2894 16 6460 25 11039 46 14146 10 18505 21
2899 48 6469 27 11054 45 14180 19 18519 1
2924 48 K555 47 11073 30 14321 37 18521 14
2926 8 6593 16 11394 27 14721 38 18562 16
2949 48 6666 35 11480 13 14759 9 18597 32
2977 23 6675 26 11627 23 14822 24 IdŞ 39
2997 32 6678 4 11641 32 15100 I 18812 39
3052 22 6774 32 11769 34 15148 3 19008 3
3065 2 6820 28 11919 15 15167 7 19132 16
3172 27 6906 9 11924 50 15197 40 19266 9
3212 15 6945 44 11948 17 15381 50 19285 29
3257 28 6965 1 11948 24 15389 18 19447 33
3313 39 6989 6 11969 10 15457 46 19491 48
3368 19 7168 24 11996 4 15490 34 19548 II
3418 16 7293 30 12141 29 15526 29 19564 35
3459 29 7533 26 12147 27 15622 47 19587 45
3648 45 7554 8 12212 27 15630 9 19638 8
3654 39 7574 23 12392 41 15639 11 19776 25
3739 26 7589 26 12414 9 15747 14 19807 12
3890 48 7610 39 12536 21 15758 23 19621 46
3938 26 7958 9 12560 16 15765 14 19864 31
3980 44 8019 35 12657 33 15810 14 19943 26
4084 31 8230 8 12752 9 15865 14
Jsnihzinatas tapa şchahdas 92 şehrijas:
30. 210. 580, 1333, 2097, 2316, 2326, 2334, 2444. 2629. 2632. 2734, 3379.
3458. 3703. 3871. 3914. 4488. 4652. 4907. 5051. 5538, 5835, 5965, 6151, 6221.
6227. 6493. 6640, 6651. 6653, 6719, 7217. 7614. 7987, 7986. 8022, 6104. 8160.
8233. 8281. 8315, 8377, 8619, 8772. 9044. 9329, 9337. 9409. 9512, 9530, 9605,
9640, 9714, 9852. 9868, 9945, 10066. 10241, 10326. 10833. 10641. 11188. 11638.
12117, 12152. 12190, 12715. 12857, 13058, 13222, 13906. 13999, 14235, 14566,
15009. 15124, 15261, 15465, 15719, 15916, 16437. 17599, 17732, 17791, 17899,
18554, 18667. 18745, 19061. 19312. 19833.