Labas laimes lasitajeem!
Pehterburgà, 2. Janwarî. Schodeen pee pirmahs 5-proz. eetsch. k'gahs prehmiju aislcenas 40. isloseschanas minnesti krita us schahdeem nummureem:
200.000 rubl. us Nr. 16.394—32. 75.000 . . . 2 385— 8 40.000 . . . 7.145— 9. 25.000 . . 2.810— ķz!
3 winnesti à 10.000 rubļ. »s NNr. 16.574—4 18 037—19 13.634-21.
5 winnefti -ì 8000 rubļ. us NNr. 8.326—t6. 3.213—5 13 811—2 4.143—46. 14.572—1.
8 winnesti à 5000 rubļ. us NNr. 11.406—33. 18 062—7 6 946
-32. 12.362-50. 14.420—22. 1.256—24. 13.510-27. 4.607—15.
20 «vinnesti à 1000 rubļ. »s NNr. 8.213—22. 9 943—42 14 971 —6. 8.492-29. ,5.959-8. 4.823—2. 6.657—32 19 862-42 ,5 367-31. 538-37. ,5.247-11. 16.463-25. 19.919—37. l 2 617—
20 898--45. 18 263-46. 1.998-36. 2.456—2. l 1.942—15 6.891 —41.
Minnesti. katrs 500 rubļ.
şehr. biļ. şchr. biļ. şehr. biļ. şehr. biļ. sehr. biļ.
56 14 3542 41 j 7959 16 11762 40 15806 40
Zl7 4 3599 26 7974 8 11829 35 15853 5
398 11 3656 5 8066 33 11861 48 Itķ6 23
599 16 3675 35 î&gt;l7(&gt; 46 11931 2 16114 42
809 30 3783 8 8,90 47 11956 30 16165 31
843 22 3801 49 8248 36 12087 24 16365 36
900 14 3995 40 8354 23 12163 50 16397 13
910 32 4014 49 8393 33 12242 45 16423 14
981 17 4089 46 8419 45 12263 31 16591 5
1035 16 4118 36 8420 33 12276 26 16694 2
1102 27 4222,6 8488 8 12309 16 16737 1
1210 26 4316 6 850Z I 12434 2 16737 8
&gt;214 37  8505 28 12548 16 16807 22
1225 30 4428 36 8563 49 12552 14 16835 45
1235 36 4460 5 8598 U ,2679 s 16849 31
,453 48 4493 26 6638 14 12793 31 16863 10
1482 28 4498 30 8697 27 12806 36 16999 20
1623 5 4656 39 8965 45 12818 46 17054 16
1692 34 4807 14 9221 23 12859 46 17218 45
1698 19 487! 19 9363 19 12876 22 17304 47
,730 6 5104 25 9385 28 12879 ,4 17373 30
1741 11 5118 22 9501 33 12919 26 17432 20
1796 31 5143 2 9530 46 12962 35 17440 24
1809 31 5296 22 9668 16 12964 6 17447 31
1906 40 5400 47 9720 14 13004 II 17559 28
195, 23 5496 5 9882 38 13014 22 1760 V 36
1964 36 5552 42 10054 31 13022 30 17637 50
2003 13 5873 37 n'" l^'
2070 42 6245 Mi?!: ' ! ş?,^
2088 44 6312 31 10209 20 13706 20 18250 12
2124 14 6380 7 10281 50 14151 33 18403 36
2234 49 641, 43 10423 6 14211 26 18493 7
2369 7 6445 20 10545 16 14236 3 18519 45
2390 35 6550 26 10583 18 14390 10 1852 &gt; l!&gt;
2483 1 6  ,0569 35 14572 22 18553 35
2557 20 6637 30 10670 38 ,4602 17 18815 32
2659 13 6652 14 10871 31 14624 11 19843 47
2738 29 6662 22 10907 17 14664 4 19004 12
2758 11 6684 27 11045 36 14926 48 19029 22
' i s 6797 37 11119 40 14993 16 19174 32
2829 28 6830 35 111512 15018 26 19341 27
2863 7 6875 39 11220 15 , 5087 40 19458 27
2895 13 6933 17 11232 2« ,5182 44 19662 6
2975 22 6946 ,4 11248 15 15225 33 19690 21
2985 12 7069 47 11291 15 15238 2 19764 25
2965 43 7529 25 11331 19 15375 2 19877 8
3054 15 7K42 15 11369 I I 15394 8 19915 47
3065 Is 7683 25 11437 16 15469 12 19954 1
3324 32 7606 35 11514 11 15549 28 19969 5
3456 46 7850 14 11609 6 15549 30 19998 17
Isuihnnatas tapa şchahdas 78 şehrijas:
l. 160. 558. 846. 1074. 1104. 1247. 1995. 2887. 3148. 3188. 3216. 3466. 3736. 3996. 4098, 44U. 4572. 4585. 5482. 5907. 5912. 5947. 6232. 7639. 7734. 7772. 7858. 8318. 8534. 8715. 8732. 8773. 8788. 8974. 9"46. 10.068. 11.332. 1t.412.
 12052. 12.163. 12.196. 12.464. 13.421. 13.510. 13.652. 13.914. 14.926. 14.225 14.353. 14.579. 14.625, 15.843. 14.939. 15.050. 15.585.15.591. 15.657. 15.992. 16 115. ,6.153. 16.287. 16.471. 16.498. 16.514, 16.838. 16.885. 17,071. 17.391. 17.484. 18.277. 18.517. 18.561. 19.224, 19.314. 19.761. 19.825.