500 rubļu winnesti.
1899. g. 2. Janw. 1. prēmiju aisņehmuma 68. islosejumâ
krituşchi us şekoşcheern uummurkķm.-
Şer. Nr. Şer. Nr. Ser. 3à.  Nr. Ler. Nr 51 2214342 391 7Ķ 40111943 28 15645 48 1Z8 IZ 4396 18 7892 16 12000 43 16168 32 192 10 4518 5 7911 42 12140 8 16203 10 237 31 4632 28 8023 30 12193 34 1625:; 11 259 19 4694 31 8079 26 12337 45 16359 16 350 32 4728 33 8Ģ 5&gt;o 12460 41; 16494 23 358 42 4745 14 8168 48 1S622 17 16631 2 433 3  26 8408 34 12729 21 16715 26 539 24 4840 33 8484 10 12778 39 16772 30 555 48 4939 15 8497 Ņ 12864 40 16841 1 656 29 5228 5 8554 17  45. 16884.. 19 708 2 5270 2 8575 43 1-&gt;881 1  39
913 48 5279 50 8701 18 12909 49 16990 25 917 6 5375 19 8777 29 13033 22 16999 5 1028 37 5395 7 8817 30 I31S5 46 17115 38 1145 1915454 8 8832 4 13254 48 17212 5 1224 27 5491 8 8854 36 tSSL9 44 17232 31 1290 37 5512 35 88 '9 iK !S371 24 17304 33 1303 48 5512 45 8997 43 13404 18 17395 11 1411 10 5708 27 9032 36 13415 38 17448 43 1422 16 5731 39 9103 18 13488 50 17549 15 1424 33 5733 45 9113 11 13492 2i.' 17712 22 1546 11 5H51 8 9142 2 13536 27 17714 8 1592 1 5W1 47 9188 20 13559 6 17718 8 2131 44 5S45 26 9191 31 13561 27 17833 45 SS55 26. Ş2 32 93HZ 6 1W! 2 18112 42 5407 19 6328 15 9361 34 13514 12 18188 9 2422 2 6384 15 9368 16 13649 19 18394 36 A40 7 6391 23 9583 22 13720 22 18449 43 A95 42 6606 7 9587 46 13821 5 18480 7 S73 4 6685 25 9662 5 13827 12 185S9 20 5606 3 6941 14 9763 34 13846 31 18650 44 5614 18 7008 49 , 9839 34 13944 46 18695. 4 5714 42 7029 9 9913 2 13970 44 18781 &gt;I 2842 42 7040 34 9960 8 iĢI 8 18781 43 B79 3 7165 47 10007 39 14077 4 18827 14 3)01 23 7207 39 10107 46 14126 43 18976 26 A41 2 7211 6 10469 49 14439 7 19056 5 AS6 29 7253 23 10478 42 14464 25 19056 14 T52 21 7278 42 105,30 16 14468 35 19174 14 311 9 7290 25 10627 3 14478 1 19179 31 ķ 4 7298 31 10723 33 14573 38 19213 5 S31 47 7323 50 10934 17 14633 26 19216 26 A05 11 7405 42 10938 44 14677 2 19237 31
13 7433 40 11103 30 14856 2 19508 39 Ş 37 7477 42 11239 50. 14862 15 19590 25 4)16 32 7497 47. 11381 12 15191 18 19760 21 4)22 49 7619 27 11529 35 15429 28 19-909 5 4)33 12 7647 27 11616 39 15472 45 19Ş 44 4'06 12 7752 17 116'.'4 38 15525 45 19969 2 4ļL? 33ş7841 22 ş11841 35ş15637 32j19973 6
Pķfam 300 winnesti. kopsummā 600.000 rbļ.
Amortiseta» tapa şchahda» şerijas: 29 1921 5188 8904 12894 15469 17634
 2137 5274 8999 12M7 15619 17635 99 2358 5287 9284 13035 15714 17893 '76 2442 5330 9312 13080 15753 18320 137 2506 5381 9460 13101 15940 18556 .88 2817 5514 9783 13186 16058 19154 98 2820 5564 9932 13441 16063 19423 &gt;36 3284 5640 10252 13666 16321 19515 1'36 3417 5850 10584 13K29 16389 19618 186 3694 6818 1"7"0 13867 16121 19621 102 3755 6835,10776 14474  19S28
130 3875 7517 11109 144'.'2 16.745 19651 127 4148 7687 11Iļ&gt;8 1452i'.  1'." '&gt;.. 197 4186 7754 l Uì.',0 1U.1I 16920 19690 125 4201 7774,11406 14653 169?3 1976'.« 198 4283 8517 11506 ş 14W4 . 17136 19802 150 4331,  17349
142 4500  75/ 1 1731 !5"3&gt; 175"1 154 4587 8877 12291 15082 17587 161 4669 8881 12692 15150 17611
1899. g. 2. Janw. 1. prēmiju aisņehmuma 68. islosejumâ
krituşchi us şekoşcheern uummurkķm.-
Şer. Nr. Şer. Nr. Ser. 3à.  Nr. Ler. Nr
51 2214342 391 7Ķ 40111943 28 15645 48
1Z8 IZ 4396 18 7892 16 12000 43 16168 32 192 10 4518 5 7911 42 12140 8 16203 10
237 31 4632 28 8023 30 12193 34 1625:; 11
259 19 4694 31 8079 26 12337 45 16359 16
350 32 4728 33 8Ģ 5&gt;o 12460 41; 16494 23
358 42 4745 14 8168 48 1S622 17 16631 2 433 3  26 8408 34 12729 21 16715 26
539 24 4840 33 8484 10 12778 39 16772 30
555 48 4939 15 8497 Ņ 12864 40 16841 1
656 29 5228 5 8554 17  45. 16884.. 19 708 2 5270 2 8575 43 1-&gt;881 1  39 913 48 5279 50 8701 18 12909 49 16990 25
917 6 5375 19 8777 29 13033 22 16999 5 1028 37 5395 7 8817 30 I31S5 46 17115 38
1145 1915454 8 8832 4 13254 48 17212 5
1224 27 5491 8 8854 36 tSSL9 44 17232 31 1290 37 5512 35 88 '9 iK !S371 24 17304 33 1303 48 5512 45 8997 43 13404 18 17395 11
1411 10 5708 27 9032 36 13415 38 17448 43
1422 16 5731 39 9103 18 13488 50 17549 15 1424 33 5733 45 9113 11 13492 2i.' 17712 22
1546 11 5H51 8 9142 2 13536 27 17714 8 1592 1 5W1 47 9188 20 13559 6 17718 8
2131 44 5S45 26 9191 31 13561 27 17833 45
SS55 26. Ş2 32 93HZ 6 1W! 2 18112 42
5407 19 6328 15 9361 34 13514 12 18188 9
2422 2 6384 15 9368 16 13649 19 18394 36
A40 7 6391 23 9583 22 13720 22 18449 43
A95 42 6606 7 9587 46 13821 5 18480 7
S73 4 6685 25 9662 5 13827 12 185S9 20 5606 3 6941 14 9763 34 13846 31 18650 44
5614 18 7008 49 , 9839 34 13944 46 18695. 4 5714 42 7029 9 9913 2 13970 44 18781 &gt;I
2842 42 7040 34 9960 8 iĢI 8 18781 43 B79 3 7165 47 10007 39 14077 4 18827 14
3)01 23 7207 39 10107 46 14126 43 18976 26
A41 2 7211 6 10469 49 14439 7 19056 5 AS6 29 7253 23 10478 42 14464 25 19056 14
T52 21 7278 42 105,30 16 14468 35 19174 14
311 9 7290 25 10627 3 14478 1 19179 31
ķ 4 7298 31 10723 33 14573 38 19213 5 S31 47 7323 50 10934 17 14633 26 19216 26
A05 11 7405 42 10938 44 14677 2 19237 31
13 7433 40 11103 30 14856 2 19508 39 Ş 37 7477 42 11239 50. 14862 15 19590 25
4)16 32 7497 47. 11381 12 15191 18 19760 21
4)22 49 7619 27 11529 35 15429 28 19-909 5 4)33 12 7647 27 11616 39 15472 45 19Ş 44
4'06 12 7752 17 116'.'4 38 15525 45 19969 2 4ļL? 33ş7841 22 ş11841 35ş15637 32j19973 6
Pķfam 300 winnesti. kopsummā 600.000 rbļ.
Amortiseta» tapa şchahda» şerijas:
29 1921 5188 8904 12894 15469 17634
2137 5274 8999 12M7 15619 17635
99 2358 5287 9284 13035 15714 17893 '76 2442 5330 9312 13080 15753 18320
137 2506 5381 9460 13101 15940 18556
.88 2817 5514 9783 13186 16058 19154
98 2820 5564 9932 13441 16063 19423
&gt;36 3284 5640 10252 13666 16321 19515 1'36 3417 5850 10584 13K29 16389 19618
186 3694 6818 1"7"0 13867 16121 19621
102 3755 6835,10776 14474  19S28
130 3875 7517 11109 144'.'2 16.745 19651
127 4148 7687 11Iļ&gt;8 1452i'.  1'." '&gt;..
197 4186 7754 l Uì.',0 1U.1I 16920 19690
125 4201 7774,11406 14653 169?3 1976'.«
198 4283 8517 11506 ş 14W4 . 17136 19802
150 4331,  17349
142 4500  75/ 1 1731 !5"3&gt; 175"1
154 4587 8877 12291 15082 17587
161 4669 8881 12692 15150 17611