Labas laimes lasitajeem!
Pentcrburgâ, 1. lulijâ. Şchodeen. 45. reiſ islosejot pirmo 5 prozentu eekşchigo prehmiju aisleeņu. winnesti krita us şchahdeem nummureem:
200.000 rubļ. us Nr. 7.096—12. 75.000 . ŗ » 15.940—6. 40.000 . . . 9.920—18. 25.000 . . 13.813—11.
3 winnesti à 10.000 rubļ. us Nr. 14.696—42. 12.093—7. 5834—11.
5 winnesti à 8Ş rubļ. us Nr. 2072—21. 15,143—15 5329 —32. 16.550—39. 9913—13.
8 winnesti à 5000 rubļ. uş Nr. 11497—13. 15.313—19. 4760 —28. 10.579—22. 9764—17. 4234—32. 11.557—38. 8573—35.
20 wmnesti û 1000 rubļ. us Nr. 341—48. 8495—25. 10.336 —25. 12.806—9. 14.5-14—1. 9562—49. 18F28—23. 4995—39. 4326—7. 12.187—30. 7466—20. 16.158—,4 20. 7824—38.
14.554—11. 13.013—13. 8209—16. ķV-^âŅ3B—2B. 9549

Winnesti à 500 rubļ.
şehr. biļ. şkhr. biļ. şehr. biļ. şehr. biļ. şehr. biļ.
131 42 3128 5 7134 1 11122 5 ş 15191 30
213 49 3161 6 7202 36 11334 33 15703 1
275 32 3276 32 7261 18 11356 12 15732 26
379 2 3315 50 7307 35 11358 37 15889 44
418 6 3372 42 7318 22 11534 30 16124 41
526 50 3569 10 7326 3 11604 50 16214 23
574 43 3633 44 7528 37 11841 7 16234 45
644 18 3650 34 7633 19 11900 2 16262 8
690 46 3661 41 7640 8 N904 38 16291 8
722 50 3685 40 7794 18 11953 7 16364 12
737 48 3730 41 7968 4 12109 28 16386 44
787 35 3742 32 8114 43 12214 46 16487 23
875 45 3832 9 8149 8 12216 39 16531 34
877 24 3842 16 8191 2 12141 37 16612 33
912 38 3905 36 8234 50 12333 38 16813 6
947 41 4034 15 8253 13 12398 25 16891 4
977 17 4232 26 8530 45 12515 45 16924 38
1032 40 4332 43 8562 18 12565 32 17015 3
1035 24 4340 1 8567 32 12598 19 17186 36
1098 50 4392 38 8713 13 12754 47 17351 38
1133 20 4412 25 8842 36 12793 23 17380 7
1182 27 4458 34 9100 27 12793 42 17459 18
1185 25 4500 17 9117 22 12952 28 17467 22
1248 15 4516 10 9194 16 13036 37 17494 5
1402 28 4599 29 9345 42 13094 12 17502 2
1429 18 4700 8 9412 48 13253 39 17513 42
1614 46 4874 42 9474 22 13277 48 17601 18
1638 16 4910 12 9513 18 13353 2 17674 22
1707 36 5005 16 9524 38 13378 25 17699 18
1772 27 5007 19 9527 31 13430 9 17843 27
1833 23 5139 31 9596 4 13458 30 17875 12
1880 20 5203 40 9682 9 13493 7 18292 4
2012 35 5319 38 9693 43 13570 15 18308 45
2015 6 5510 7 9902 12 13650 17' 18377 45
2166 11 5521 50 9933 48 13057 38 18394 10
2250 37 5560 24 10103 31 13770 43 18443 17
2348 13 5597 50 10108 15 13880 28 18457 50
2349 50 5631 46 10142 27 13931 1 18735 9 2447 6 5685 4 10219 2 13958 17 18762 39 2494 33 6254 29 10235 28 14038 26 18837 44 2528 42 6270 10 10237 44 14174 15 18872 3 2587 4 6335 39 10343 30 14335 47 18898 31 2595 18 6578 48 10480 38 14384 9 18974 29 2688 49 6636 17 10618 16 14411 29 18989 17 2752 1 6641 49 10672 12 14565 46 191 ?0 43 2785 29 6704 29 10758 4 14728 19 19432 33 2937 8 6687 9 10805 10 14819 46 19561 5 2986 26 6830 22 10827 41 14901 24 19597 41 2996 47 6908 45 10851 31 15044 12 19758 24 3008 31 6954 23 10908 32 15093 46 19775 26 3061 30 7058 8 10986 39 15144 25 19814 3 3080 3 7062 32 11060 23 15188 23 19822 5
Jsnihzinatas tika şchahdas 86 şehrijas:
186. 272. 360. 636. 673. 1073. 1252. 1500. 1620. 1622
1641. 2269. 2696. 2845. 2978. 3114. 3184. 3194. 3415. 3532.
3602. 3854. 4038. 4682. 4691. 5142. 5540. 6114. 6115. 6140.
6934. 7107. 7419. 7593. 7630. 8058. 8234. 8293. 8388. 8700. 8932. 9600. 9617. 10.012. 10.483. 10.502. 10. 694.10.903. 11.096.
11.269. 12.245. 12.466. 12.9 H. 13.139. 13.198, 13.211. 13.247. 13.408. 13.604. 13.643. 13.685. 13.711. 14.047. 14.542. 15.024. 15.316. 15.694. 16.298. 16.375. 16.560. 16.640. 16.706. 16.747. 17.037. 17.758. 17.982. 18.157. 18.197. 18.357. 18.410. 18.550 18.820. 19.250. 19.271. 19.397. 19.626.