483 7
Pēterburgas konserwatorijâ, kà Aw." ſiņo. kurşu şchogad beiguşchi 2 Latweeşchi: O. Vogelmans un I. Şotşkis. Abi jaunee mahkflineeki Kursemneeki. Kurşu turvina şchimbrihscham kahdi 7 Latweeşchi. schehl tik. ka dſeedaşchanas nodaļā naw neweena. lai gan Latweeşchus, kà tautu, peeņemts şkaitit par dſeeşmu nlihļotajeem.
— Muischneeļu agrarbankas prēmiju 27. istoscjumà 1. maijà krita gaļwcnec winnesti us şekoşchàm şerijàm itn numuiccin: 200,000 rbļ. us şer. 3.260 Nr. 47 75.000 „ „ „ 12.341 „ 36 40,000 „ „ „ 12.172 „ 15 25.000 „ „ „ 3.934 „ 23 3 winnesti à 10,000 rbļ. us şer. 13.624 Nr. 41. şcr. 9386 Nr. 42. şer. 10.209 Nr. 19.
5 winnesti k 8000 rbļ. us şer. 7434 Nr. 34. şer. 5596 Nr. 3. şer. 11.005 Nr. 40, şer. 8104 Nr. 31. şer. 11.558
Nr. 11.
8 winnesti k 5000 rbļ. uf şer. 10,150 Nr. 28, şer. 11,129 Nr. 26, şer. 2363 Nr. 36. şer. 10.784 Nr. 33. şer. 6856 Nr. 45. şer. 3008 Nr 11. şer. 3580 Nr. 16. şer. 13.052 Nr. 20.
20 winnesti k 1000 rbļ. us şer. 1751 Nr. 22. şer. 15.089 Nr. 41. şer. 8584 Nr. 18. şer. 6606 Nr. 10. şer. 8597 Nr. 35. şer. 7001 Nr. 40. şer. 1189 Nr. 33. şer. 4848 Nr. 22. şer. 11.390 Nr. 8. şer. 10,086 Nr. 7. şer. 12.975 Nr. 48. şer. 11.620 Nr. 30. şer. 12,020 Nr. 2. şer. 3058 Nr. 20. şer. 7335 Nr. 2. şer. 3094 Nr. 32. şer. 14.576 Nr. 29. şer. 10.429 Nr. 14. şer. 15.455 Nr. 48. şer. 8961 Nr. 13.
300 winnesti k 500 rbļ. us:
10 32 105 50 162 17 168 46 274 21 387 1 3532 19 »53? 7 3682 14 3711 5 3772 42 2824 38 6622 23 6625 18 6812 5 6843 43 6894 25 7042 43 10,620 19 10,765 26 10,804 14 10,809 2 10,887 1 10,901 43 13,131 42 13,137 7 13,141 17 13.152 33 13,178 40 13,191 5
475 26 3945 42 7156 17 11,055 13 13,216 32
483 7 3951 18 7175 33 11,058 13 13,289 45
572 34 3965 36 7262 19 11,124 1 13,340 23
747 49 905 8 075 15 3990 45 4147 41 4224 15 7356 34 7380 16 7622 50 11,126 44 11,174 4 11,185 18 13.343 47 13,409 19 13,519 23
1001 46 1042 21 1075 36 4340 11 4369 38 4489 42 7663 29 7663 40 7735 16 11.250 2 11.251 24 11,268 42 13,577 38 13.639 20 13,797 5
1182 48 4490 48 7749 22 11,298 27 13.844 27
1257 20 1347 17 1470 24 1667 11 1820 40 4527 21 4542 32 4565 41 4597 13 4&lt;Î05 7 7791 10 8006 18 8032 33 8103 2 8220 6 11,315 1 11,363 11 11,367 47 11,409 17 11,574 19 13,913 42 13,941 25 13.977 34 13.978 11 14,035 29
1880 46 4724 7 8314 2 11,706 14 14,069 37
1942 32 2011 23 4755 11 4783 45 8444 1 «7'24 20 11,780 16 11 799 34 14.227 33 14,299 35
2139 9 4810 19 8868 43 11,803 16 14.303 21
2239 24 4892 29 8923 25 11,808 39 14,366 12
2250 44 4903 19 8946 42 11,878 32 14,379 46
2282 41 4934 21 8954 1 11,944 3 14,433 35
2303 38 5052 46 9032 19 12,007 17 14,590 28
2320 12 5150 21 9099 2 12,037 48 14,633 20
2371 10 2533 18 5211 30 5250 31 9202 38 9236 44 12.041 32 12.049 29 14,716 32 14,781 33
2584 32 5390 21 9257 4 12.132 36 14,861 9
2587 13 5490 4 9351 1 12,302 45 14.884 40
2588 34 5469 20 9430 20 12,350 26 14,902 7
2630 35 2665 37 5481 13 5565 10 9447 48 9500 26 12,398 17 12,412 10 14,911 21 14,934 42
2679 21 5598 31 9616 16 12,432 22 14,966 9
2682 49 5680 11 9631 6 12,531 29 15,072 48
2746 38 5731 50 9678 2 12,559 8 15,129 5
2758 46 5860 28 9679 30 12.676 25 15,140 20
2802 50 5870 38 9701 23 12,683 44 15,170 7
3026 3 3165 6 6000 46 6051 44 9845 14 9921 20
I 12,689 35 12,734 21 15,326 17 15,379 22
3187 5 3205 10 6203 38 6276 23 9949 4 9984 25 12,854 11 12,892 20 15,525 45 15,598 1
3213 9 6332 38 9990 49 12,929 28 15,641 3
3253 39 6399 11 9993 3 12,984 20 15,661 7
3285 10 3365 47 3445 11 3513 30 6529 2 6579 29 6549 38 6613 42 10,080 42 10,008 21 10.302 35 10,407 38 13,007 35 13,016 27 13.029 31 13.046 6 15.677 44 15,704 33 15,709 19 15,783 15
10 32
105 50 162 17
168 46 274 21 387 1
475 26
572 34
747 49
905 8 075 15
1001 46 1042 21 1075 36
1182 48
1257 20 1347 17 1470 24 1667 11
1820 40
1880 46
1942 32 2011 23
2139 9
2239 24
2250 44
2282 41
2303 38
2320 12
2371 10 2533 18
2584 32
2587 13
2588 34
2630 35 2665 37
2679 21
2682 49
2746 38
2758 46
2802 50
3026 3 3165 6
3187 5 3205 10
3213 9
3253 39
3285 10 3365 47 3445 11 3513 30
Amortisetas tika şekoşchas şerijas:
73 2.285 4.757 7.610 9.393 11.563 14.153
125 2.318 4.795 7.665 9.581 11.641 14.184
183 2.567 4,894 7.918 9,599 11,655 14,211
238 2.701 4,905 7.923 9.822 11.920 14.285
322 2.752 4,912 7.925 9.970 12,349 14,501
457 2,840 5,060 7.969 10,129 12,416 14 546
553 2,924 5,430 8,02s 10.182 12,601 14,649
730 3.023 5.626 8,143 10.196 12,678 14,680
854 3,242 5,799 8.217 10,751 12,697 14 717
938 3,311 5.979 8,268 10,796 12.738 14,905
1,000 3.433 6.039 8,343 10,806 13 260 14 932
1,222 3,477 6.073 8,778 10,836 13.285 14,967
1,346 3.728 6,083 8,782 10,856 13 526 14 988
1,406 3.765 6,176 8,783 10,885 13,555 15 032
1,408 3,780 6,519 8,916 10,933 13.638 15,108
1,438 3.941 6,665 8,939 11,130 13,855 15 172
1,679 4,147 6,749 8,967 11,158 13.917 15,433
No eekschzemēm.
3532 19 »53? 7 3682 14 3711 5 3772 42 2824 38
6622 23 6625 18 6812 5 6843 43 6894 25 7042 43
3945 42
7156 17
3951 18
7175 33
3965 36
7262 19
3990 45 4147 41
4224 15
7356 34 7380 16 7622 50
4340 11 4369 38 4489 42
7663 29 7663 40 7735 16
4490 48
7749 22
4527 21 4542 32 4565 41 4597 13
4&lt;Î05 7
7791 10 8006 18 8032 33 8103 2
8220 6
4724 7
8314 2
4755 11 4783 45
8444 1 «7'24 20
4810 19
8868 43
4892 29
8923 25
4903 19
8946 42
4934 21
8954 1
5052 46
9032 19
5150 21
9099 2
5211 30 5250 31
9202 38 9236 44
5390 21
9257 4
5490 4
9351 1
5469 20
9430 20
5481 13 5565 10
9447 48 9500 26
5598 31
9616 16
5680 11
9631 6
5731 50
9678 2
5860 28
9679 30
5870 38
9701 23
6000 46 6051 44
9845 14 9921 20
6203 38 6276 23
9949 4 9984 25
6332 38
9990 49
6399 11
9993 3
6529 2 6579 29 6549 38 6613 42
10,080 42 10,008 21 10.302 35 10,407 38
10,620 19 10,765 26 10,804 14 10,809 2 10,887 1 10,901 43
13,131 42 13,137 7 13,141 17 13.152 33 13,178 40 13,191 5
11,055 13
13,216 32
11,058 13
13,289 45
11,124 1
13,340 23
11,126 44 11,174 4 11,185 18
13.343 47 13,409 19 13,519 23
11.250 2
11.251 24 11,268 42
13,577 38 13.639 20 13,797 5
11,298 27
13.844 27
11,315 1 11,363 11 11,367 47
11,409 17 11,574 19
13,913 42 13,941 25
13.977 34
13.978 11 14,035 29
11,706 14
14,069 37
11,780 16 11 799 34
14.227 33
14,299 35
11,803 16
14.303 21
11,808 39
14,366 12
11,878 32
14,379 46
11,944 3
14,433 35
12,007 17
14,590 28
12,037 48
14,633 20
12.041 32 12.049 29
14,716 32 14,781 33
12.132 36
14,861 9
12,302 45
14.884 40
12,350 26
14,902 7
12,398 17 12,412 10
14,911 21 14,934 42
12,432 22
14,966 9
12,531 29
15,072 48
12,559 8
15,129 5
12.676 25
15,140 20
12,683 44
15,170 7
I 12,689 35 12,734 21
15,326 17 15,379 22
12,854 11 12,892 20
15,525 45 15,598 1
12,929 28
15,641 3
12,984 20
15,661 7
13,007 35 13,016 27 13.029 31 13.046 6
15.677 44 15,704 33 15,709 19 15,783 15
1,910 4,359 6.838 9.102 11.296 14,013 15,693
1,938 4,580 7.413 9,155 11,297 14,035 15,707
2.049 4.592 7.425 9,175 11,380 14.075 15.750
2.143 4.748 7.477 9.233 11.382 14.096
2.153 4.755 7.537 9.303 11.407 14.148
No Maşkawas. Maşkawas apgabalteeşâ 7. maijâ eeşahkşchotees milsiga prahwa pret wekşeļu wiltotajeem. Apsuhdseli eşot Maşļawas tirgotāji Brombergs. Aronowitschâ un Gurewitşchs par to. ka pawişam 2177 wiltolus wekşeļus par wairak nekà 2 '/2 miljoneem rubļu islaiduşchi publkâ.
No Odeşas. Şoditi. Weelejâ pilşehkas preckşchneeka organâ ſiņots, ka uniwersitates 7 studenteem pilẜehtas preekschneeks uslizis şodus. 150 rbļ. jeb 30 deenas aresta, par noteikumu pahrkahpumu. kas aisleedſ şaeet şapulzês.
No Rehweles. Tureenes pitşehtas domneeku şapuļze pehz ilgàm debatēm nolehmuşi. peezâm Rehmeles Igauņu beedribàm dot 450 leelu semes gabalu ļopiga nama zeļşchanai. ļurà eerihkojams ari Igauņu teātris un şchàm beedribàm wajadsiaàs telpas, ar to noşazijumu. ka beedribàm var to weenreis jamakşà 50 rbļ. un katru gadu gruntSnomas 5 kap. par katru IH-aşi. Bet ja beedribas minēto gruntsgabalu vahrdotu zitadeem noluhļeem, tad wiņam var to buhtu jamakşà vilşehlas kaşei 22.500 rbļ. un 20 kap. grunts nomas par katru
-aşi. Nams deedribàm jauszeļ un teātris jaeerihko 10 gados, bet ja tas şchajâ noşazitâ laikâ nenotiktu, tad oilşehtai teeşiba par semes gabalu ļikt aismakşat 22.500 rbļ.. waj to atkal ņemt şawâ neaprobeschotâ ihpaşchumâ.
No Rostowas pee Donas ſiņo. ka tur us.lauļeem pa.ahdijuşchees leelâ şiaitâ siseņi şarkaneem şpahrneem. Şehjumeem draudot leels posts. Waldiba şpehruşe şoļuâ. lai eenaidneekus isnihzinatu.
No Brest'Litowşkas. Kahdâ brauzeenâ no tureenes us Warschawu pahrraudsitaji prekşch kahdàm deenàm usķehruşchi. kà
 Kurjer" ſiņo. ne masak kà 108 (raksti şimļs un astoņus) pasascheerus beſ biļetēm.
No Rowo.Tşcherkaştas. Pehz Wisaugstaki apstiprināta nolehmuma Donas kara şpehka preekschneekam dota teeşiba. ari wehl us nahkameem peezeem gadeem aisleegt cedsihwotajeem nesat cerotschus klaht.