Tirdzneeciba.

gada 11. eekşchejà s proz. ais«ehmuma islosejumà 1. martā 500 rubļu minefti krita us şekoschàm sērijām un numureem:
Ser. Rr. Ģer. Rr. Her. Rr. Ger. Nr. Ģer. Nr. ķer. Nr.
135 08 4(158 42 8.075 33 11,424 25 14,520 02 17,130 30
194 04 4298 6 8,115 41 11.445 25 14,620 36 17,303 29
235 14 431.3 2 8,16924 11,598 11 14,630 31 17,40041
326 î&lt;7 4X24 23 8,250 47 11,661 36 14,668 49 17,401 15
336 25 457841 8,356 39 11,698 18 14,690 81 17,525 10
403 12 474621 8,47537 11,71421 14,768 36 17,569 50
4f4 08 4757 31 8,491 7 11,823 36 14,941 03 17,663 45
51739 479547 «.592 47  15,110 49 16,775 20
540 03 4834 43 8,594 21 11,923 17 15,142 10 17,864 23
660 39 5168 33 8,60118 12,015 i 15,279 6 17,873 20
839 33 6169 48 8,6*9 3 12,051 44 15.359 3 17,883 49
863 25 5233 42 8,6,614 12,141 31 15,364 38 17,967 07
903 42 5235 13 8,757 7 12,178 28 15,443 87 17,993 44
936 09 5271 37 9,33 46 12,402 23 15,446 20 18,226 21
970 36 5274 13 8,321 47 12,491 88 15.471 25 !8,3.'0 26
1230 24 5342 47 5.337 44 12,50810 15,478 36 18.368 11
1406 03 6449 50 9,368 47 12,537 24 15,670 35 18,378 50
140807 648521 9,40507 12.6*5 14 15,593 88 18,418 18
1472 22 5525 18 9,467 14 12,6*7 45 15,655 1 8 18,465 6
150807 5697 44 9,517 08 12,785 20 15,747 33 18.499 35
1510 36 6739 06 9.576 44 12,899 46 15,769 12 18,540 38
161305 6010 11 9,891 15 12,996 42 14,834 38  19
1632 06 603917 9,694 41 13,018 21 15.91-8 8 18,624 13
1704 31 6124 24 9 968 40 13,055 16 15,999 19 18,697 22
1817 22 6444 25 9,980 01 13,057 34 16,013 33 18.694 20
185202 645840 10.02 i 14 13,05333 16,143 4 18,716 4
206517 663" 36 10,031 39 13.102 20  5 18.760 18
2083 14 6684 27 10,097 16 13,24444 16,-0 i 38 18,794 34
2118 38 6712 07 10,138 41 13,376 39 16,202 2 18,816 10
2167 47 674604 10.449 34 13,491 16 16,207 17 18,819 26
2363 41 6829 35 10,476 44 13/43 45 16,281 34 18,849 24
2390 28 6914 24 10,621 26 13,639 49 16,32, 18 13,850 6
2480 '2 » 953 31 10.66 132 1 3.655 46 1b.326 36 19,083 3
316248 701604 10,67* 19 13,74923 16, 83 21 19,161 15
3173 34 7211 07 10,791 28 13,801 12 16,54* 23 19,166 15
3207 21 7342 40 10,814 04 13,89022 16,580 45 19,183 9
322043 74"5 28 10.819 46 13,*0134 16,610 20 19,210 46
3405 4 7494 1 10,820 31 13.905 42 16,» 10 32 19.273 11
3418 34 7569 9 1 04 14,10805 15,703 26 19,733 12
353H47 75-0 45 11,348 34 14 119 29 16,791 23 19.772 50
3612 5 77*3 16  49 14,237 10 17,018 24
3828 47 7822 28 11/61 16 14,268 16 17.042 30
389', 22 7824 7 11,384 42 14,411 12 17.0/&gt; 13
4014 1 7987 17 11,389 20 14.47527 17,102 01