Labas laimes lasitajeem!
Pehterburgä, 1. Septemberî. Şchodeen, 45. reiſ islosejot otro 5-prozentu prehmijas aisleeņu, wiuuesti krita us şchahdahm viļetehm: 200.000 rubl. us şehriju 6,757 U 31. 75.000 . . „ 2.003 „ 7. 40.000 „ . . 4,793 „ 18. 25.000 ... 979 „ 48.
3 winnesti à 10.000 rubļ. us şehriju 4335 46. fehr. 18.65Z
X 45. şehr. 5680 F° 24.
5 winuesti à 8000 rubļ. ns şehriju 5559 24. şehr. 4986 X- 47
şehr. 19.217 X? 33. şehr. 9791 X 15, şehr. 8557 26.
8 winnesti à 5000 rubt. us şehriju 4381 X? 39. sehr. 4270 39
şehr. 18,532 5. şehr. 18.158 X? 50. şehr. 1440 3. fet&gt;r. 12.256
X 47, şehr. 17.839 X 25. şehr. 8918 X° 36.
20 winuesti à 1000 rubļ. us şehriju 13.450 20. şehr. 12.886 )
50. şchr. 18.847 23. şehr. 18.378 6. şehr. 17,886 27. Ş
şehr. 14,762 44, fehr. 11.688 X? 29. şehr. 7991 X? 46. şehr. 8475
17. şehr. 1188 3. şehr. 18.915  17. şehr. 13.425 F° 14, şehr. Z
14,045 6, şehr. 7121 24. şehr. 17.178 24. şehr. 16.245 X- H
27. şehr. 16,724 .H 11. şehr. 12.365 5. şehr. 15,562 31. fehr. j 19.902 X 38.
Winnesti à 500 rubļ.
şehr. bii. sehv. l'iļ. şebr. biļ. sehr. biļ. şehr. Inļ. »
5l 25 4.244 26 8.041 9 12.199 20 16.214 43 H
65 16 4,245 36 8.044 43 12 231 22 16.254 34 W
217 42 4.258 44 8,101 15 12,232 48 16,276 42 W
251 12 4,329 42 8,342 32 12.368 36 16.470 23 I î
365 25 4.352 44 8.382 35 12,591 42 16.571 14 Z –
418 35 4.359 34 8.405 24 12.713 19 16,611 22 Z
423 7 4.502 25 8,452 26 12.772 43 16.736 40 s
475 33 4,544 35 8,492 48 12.87115 16 753 25 W
489 39 4,611 43 8.725 37 12.897 38 16.809 40 »?
661 23 4.631 23 8,739 31 12.931 28 16.871 40»
735 25 4,729 47 8.741 28 12,941 3 16.943 6-W
853 2 4,810 34 8,996 48 12,943 25 16.966 3 &gt;
857 9 4.991 34 9,301 47 13.032 6 16.978 18»
935 45 5,08140 9,310 16 13.064 17 16,982 1 W
1,215 20 5.155 40 9.384 22 13,072 21 17.019 6M
1.299 1 5,178 25 9.39,- 36 13.059 47 17.051 39&gt;
1.356 39 5,196 6 9.447 34 I,'i.NşU 36 17.130 10»
1,429 25 5,326 15 9.456 42 13.123 48 17,183 14 W
1,514 42 5.342 4 9,504 36 13.192 41 17.231 42 D
1.661 3&gt; 5,411 26 9,560 33 13,317 11 17.306 48W
1,742 9 5,438 9 9,709 48 13.371 15 17.433 36 Z
1.744 29 5,511 25 9,802 15 13,391 39 17,539 31 !
1,885 15 . 5.626 30 9.907 6 13,419 2 17.763 8
1,899 7 5,657 10 9,932 44 13,549 3 17.792 2âW
1,991 41 5,675 45 9.992 46 13,591 20 17,793 30 M
2,089 46 5,762 32 10,101 44 13,656 23 17.833 47 1
2.137 41 5,782 9 10,106 50 13.657 34 17.837 12
2.190 29 5.819 39 10,345 33 13.803 16 17.940 19 H
2,195 41 5,983 4 10.512 28 13.903 24 18.275 34 L
2,206 23 6,086 2 10.612 24 14.061 27 18.427 29 H
2,274 38 6.145 48 10,638 4 14,128 43 18.540 16 i
2,350 42 6.197 29 10.756 43 14,473 48 18.567 44 5
2,491 14 6.260 31 10,813 17 14,538 22 18.608 18Z
2.613 I 6,479 13 10.822 7 14.550 33 18.619 20.
2,912 6.523 44 10,866 47 14 769 28 18.625 19 M
3,016 24 6,582 44 11.164 2 14,805 31 18.696 41»
3.058 50 6.744 16 11,165 1 14.911 17 18.737 17
3,068 36 6.810 21 11.252 43 14,952 33 18.796 5 W
3.257 48 6,827 21 11.318 II 15,012 10 18.900 39 »
3,328 29 6,855 17 11.380 8 15,023 34 18.W3 13«
3.339 30 7.016 21 11,389 46 15,105 40 19,007 lîW
3,402 23 7,088 21 11.533 9 15.154 3 19.037 4ZM
3,535 22 7,130 24 11.579 4 15.187 5 19,065 5»
3.620 32 7,142 15 11,646 23 15.379 13 19,076 W
3.705 32 7,250 4 11,692 20 15,550 34 19.486 38 H
3,774 32 7.347 9 11,784 33 15.577 19 19,539 4W
3.828 8 7.590 44 11.931 48 15.600 43 19,556 36 ģ
3.829 31 7.646 7 I 1.958 50 15.728 22 19.694 16 .ģ 3.916 45 7,837 37 11.986 I I 15.751 45 19.752 42 D 3.973 36 7,927 35 12,006 25 15.816 15 19,87«. 5 3.985 37 7.943 28 12.146 39 15.864 42 19.838 4M
4,119 9 7.954 16 12,188 17 16,135 41 19,897 D
Jsnihzinatas tapa şchahdas 86 şehrijas:
6295 8221 3366 16,778 12.696 7138 18.293 9311 7487 13.689 14.364 3667 2230 3074 1N.321 12.7)44 16.947 18.492 ķ 9211 188 16.635 2201 17.074 19.068 1949 11.316 16.320 12.7tW 3346 4592 19.855 16.815 8181 16.556 10.622 13.888 5636 7IW 16.837 6673 15.183 4836 12.091 10.223 4844 18.191 634 11.2 W 12.587 7464 14.770 7943 1381 13.842 7223 10.118 7609 38tM 729 14,757 13.416 18.508 12.855 3928 3894 17.617 9605 13.1 W 16.641 10.924 8645 10.405 14,669 12.001 8238 16.115 11.5» 13.696 2739 8682 16,593 12.347 14,491 8112 12,266.