Labas laimes lasitajeem!
Leelakos winnestus no 2. Janwar? Pehterburgâ 46. reiſ islosetahs pirmahs 5-prozentu prehmiju aisleeņas jau issludinajahm isgahjuşchà nummura „Wisjaunakâs smâs", un tagad nu atkal pasiņojam
masakos minnestos, proti minnestus pa 500 rubļeem, ka ari tahs 88 sehrijas. kuras schoreis tika isnihzinatas.
Winnesti à 500 rubļ.
şehr. biļ. şehr. biļ. şehr. biļ. şehr. biļ. sehr. biļ.
1647 1 247 10 9621 21 16958 31 17419 40
6119 1 1377 10 10052 21 4729 32 5799 41
7162 1 4574 10 13320 21 6188 32 6487 41
14510 1 493 11 13837 21 6980 32 9541 41
17292 1 6769 11 16783 21 16254 32 10874 41
2062 2 10385 11 6982 22 17197 32 12306 41
2765 2 12340 11 9616 22 18932 32 12457 41
12906 2 17647 11 11876 22 19951 32 14218 41
13776 2 19505 11 467123 2460 33 14640 41
18235 2 1557 12 6295 23 9445 33 17750 41
19255 2 10443 12 8019 23 14781 33 18628 41
356 3 447 13 9193 23 19824 33 7312 42
5670 3 511 13 10244 23 1972 34 9074 42
6084 3 1080 13 16250 23 3064 34 9816 42
6116 3 225t 13 16907 23 1057 34 1162 43
8876 3 2424 13 6607 24 11672 34 1582 43
14176 3 4755 13 12650 24 12948 34 3906 43
16201 3 8099 13 17696 24 13131 34 12653 43
449 4 14694 13 2668 25 14025 34 16543 43
1065 4 16822 13 3367 25 14805 35 19390 43
2431 4 18010 13 6501 25 18725 34 7974 44
8004 4 13497 14 13735 25 2225 35 12509 44
9819 4 15751 14 N425 26 11093 35 13229 44
12296 4 18223 14 15625 26 473 36 4003 45
16301 4 1693 15 5126 27 8182 36 9337 45
2641 5 4039 15 10498 27 9903 36 12799 45
11018 5 19291 15 12171 27 11419 36 15189 45
14957 5 2260 16 12487 27 538 37 5641 46
17756 5 9485 16 12930 27 4177 37 10875 46
236 6 15278 16 13274 27 8462 37 1604146
14465 6 15746 16 14232 27 Btis7 37 3826 47
14473 6 19318 17 173 28 17121 37 11034 47
15182 6 8515 17 333 28 8593 38 1159 48
3025 7 10821 17 97&lt;&gt;4 28 10282 38 1799 48
4241 7 15376 17 11427 28 10721 38 7617 48
8634 7 18845 17 17745 28 11677 38 14155 48
10638 7 3474 18 19217 28 12625 38 18190 48
11177 7 14307 18 7211 29 17181 38 6794 49
13535 7 19793 18 9535 29 2196 39 8557 49
750 8 4813 19 14563 29 4829 39 19172 49
5058 8 7700 19 15309 29 7197 39 324 50
6293 8 9506 19 1971 30 14184 39 740 50
6961 8 9583 19 4169 30 16277 39 756 50
7368 8 11191 19 6330 30 16315 39 1199 50
17169 8 16981 19 9100 30 16590 39 2601 50
19525 8 18633 19 18018 30 2415 40 6289 50
1906 9 1329 20 19632 30 7000 40 8896 50
6889 9 12707 20 4004 31 9550 40 10141 50
8728 9 1436 21 5368 31 10411 40 14885 50
8802 9 1536 21 5554 31 15013 40 15589 50
10549 9 3404 21 10775 31 16901 40 18388 50
17575 9 . 5042 21 11324 31 17025 40 19470 50
Isnihzinatas tika şchahdas 88 şehrijas:
17,762 10.011 16,527 17,812 2,251 19.866 7,706 6,390 67 15,724 14.484 11,912 8,157 10.948  19.247 2,784 5,467 19.116 11,063 2,824 8.892 17,585
9,791 12,719 18,662 7,308 4,954 19,707 12,020 4,952 10,173 3,627 14,876 12,673
233 4,448 12,029 10,317 5,909 11,778 9,243 4,960 18,539 14,101 6,064 14,589 15,287 1,353 12.634 2,763 7.360 17.986 9,846 703 1,427 876 11,066 13,262 1,544
6,501 8,572 15,000 6,513 15.151 2,664 3,491 1,582 3,365 15.519 1M43 19,565
8.114 16,111 7,467 10,413 16.368 7.844 599 17,943 4,231 16.988 1W44 1l!,340 18,011 15,969 13,880 12,324.