Tirdzneeciba.
I. nowembra islosejumâ amortifetas
sekoşchàs 320 sērijas walsts muijchneeku agrarbankas prēmiju b.ļ şchkatrâ va 50 gabaleem:
21 1897 3595 4921 7125 8632 10557 12525 14428
57 1948 »644 4965 7132 8663 10620 12565 14442
201 2028 3726 6044 7193 8682 10677 12624 14482
245 2187 3734 5,47 7301 8820 10706 12652 14499
323 2317 3702 5177 7308 8838 10765 12677 14519
363 2924 M 797 5271 7309 8860 10843 12961 14.-&gt;35
427 2489 3972 5296 7345 89i7 10860 1*972 1463«
469 2404  5379 7353  109 8 13005 14674
54 3 2411 4047 5411 74 i 8 8948 10973 13008 14692
593 2431 4117 5412 7439 8994 11054 13099 14705
69s 2512 4138 5478 7479 9006 11104 13109 14770
623 2604 4139 5505 7609 9150 11128 13117 14*39
634 2664 4149 6622 7682 918h 11242 13130 14852
639 2671 41*0 5784 7- 83 9189 11365 13233 14930
697 2715 4222 5791 7685 9241 11321 13333 14957
729 2743 42-19 5870 7686 9271 11449 13342 15064
777 2749 4254 fi»7s 7728 9288 11393 13352 15109
«49 2777 4298 €011 7760 9453 11449 13453 15205
9*9 2817 4357 6089 7857 9510 11452 13585 16206
1042 2823 4358 6160  9791 11457 13500 15279
1065 2830 4893 6187 7933 9798 11518 13604 15338
11 8 2833 4419 6235 8047 9617 11644 13r92 15377
1207 2950 4429 6267 8060 9819 1)600 13729 15560
1299 2965 4490 6291 866 9564 11716 13756 15564
1342 3031 4525 6366 8080 9904 J1773 13960 15584
1371 3061 4528 6412 8165 9952 11783 13967 15601
1389 3110 4541 6497 8175 9966 11805 13995 15670
1393 3245 4561 6566 8312 9974 11844 14008 15711
1456 3317 490 6672 S3U 9975 11861 14015 15785
14«2 3338 4627 6683 8452 9989 11962 14079 16848
1523 »349 4655 6720 8501 9998 12051 14086 15898
1689 3480 4683 6828 8506 10117 12133 14260 16965
1625 3490 4684 6950 8515 10118 12174 14267
1743 JM)B 4765 6954 8548 10151 12294 14274
1809 8521 4791 7014 3553 10179 12410 14317
1K42 3569 4850 7052 8580 10545 12461 14382
Par katru b leti ismaksas 140 rubļu walẜts bankas kantoros un nodaļās, waj rentejâs, kur tahdu now, şahkot no 1. februāra 1914. gada.
Dahrsa un sakņaugu zeuas nmş groşijujchà». «aktt: kartupeli 110-130, arceşchņi 120—160, durkam 100-160 un iroiflt 140-160 kap. puhrs, pnersiti 60-140. purawi 50—80 un şelderiņi 60--200 kap. şchoks. «.
Gaļas tirgus npmkerinoşchs. bet zenas peetura». Mak,a ş,vcna.ļi: leellouu gaļa 360 – 660, teļu 480 —800, aitu 480 600 zuhku 660-800 un şiwenu 820 – 880 kap.; bet schah. meta: uihku preekşchgadalt 620 820, saļi 620 -760 v» palatgaba'i »50 12U0, aitu 340-56'), zuhku tauki 920—1100 un leellopu tauki 700—860 kap. pudſ. p