Labas laimes lasitajeem!
Pehterburgà, 2. Septemben. Pee ẜchihs deenas otrà s'proz. eekscheja prehmiju aisņehmuma 51. istoseschanas minnesti krita us schahdeem nummureem:
200.000 rubļ. us sehr. 4056 Nr. 50. 75.000 . . . 10135 . 14. 40.000 . . . 9080 . 24. 25.000 . , 6318 . 31.
3 Minnesti à 10.000 mbļ. us NNr. 1910 41. 14.579 6. 14.791 5. 5 Minnesti á 8000 rubļ. us NNr. 1019 42. 9221 42, 13.118 39. 14.346 46. 17.141 46.
8 Minnesti à 5000 rubļ. us NNr. 306 1. 3765 8. 7111 25. 16523 20. 18981 30. 19441 28. 19491 15. 19599 48.
20 winnestu á 1000 rubļ. us NNr. 784 32. 1816 40. 2819 37.
2871 39. 3640 38. 4297 30. 5373 1. 6216 26. 8933 10. 9919 28.
10019 28. 10310 23. 10654 26. 11497 2, 11657 40. 12482 4. 13320 4. 13541 39. 15050 25. 17465 36.
Minnesti pa 500 rubļeem.
şehr. biļ. şehr. biļ. şehr. biļ. şehr. biļ. şehr. biļ.
«089 15 1 5582 19 11534 38 12355 41 15318 2
16276 41 2436 47 5549 45 11733 38 8902 46
3025 33 8842 19 2907 5 11551 22 8051 35
2085 6 3386 II 7252 24 19438 17 12341 15
10346 18 9705 12 17685 10 6388 13 7390 50
7783 4 4313 17 8798 25 14206 18 8437 6
19201 3 9591 48 17901 16 8340 20 9498 45
8907 36 8130 14 4883 42 11580 25 8586 19
10292 9 19137 40 11555 28 9885 33 2861 16
1320 40 598 l 39 4349 33 13544 11 5956 5
5027 48 13116 27 2674 15 4716 33 625 26
17288 8 12881 40 13576 31 644 4 4382 25
6786 3 4421 40 15429 42 17252 30 16830 43
9835 9 11500 47 19334 25 13220 39 15263 3
10158 5 6639 35 1 2518 17 19779 41 13945 2
15410 32 3982 39 10801 30 452 24 11949 50
5778 30 18951 12 4433 43 12970 24 3311 20
13600 40 17312 32 6650 22 5650 48 19396 4
15250 23 17172 32 14592 19 2792 20 4039 43
14045 23 16315 13 1738 28 2500 10 7650 47
12377 14 7758 24 19078 17 11533 28 11052 10
7779 47 12618 48 1191 16 3615 10 6291 29
5763 6 10517 11 5289 17 3754 36 17846 26
18975 45 3932 1 16732 2 15890 50 1173 6
9329 39 10303 29 14646 49 1 9431 45 13105 50
3956 18 15317 12 12619 47 2820 23 1019 17
9887 3 8203 49 641 27 6511 28 7746 6
15968 18 17588 5 9694 30 10224 44 8922 2
9039 9 12952 13 5696 22 19707 2 3764 37
18848 43 3 6 5 26 8741 44 1696 9
16894 39 8423 N 5564 31 3350 9 13058 26
9038 6 5739 11 16984 26 19995 9 67 47
19161 48 1771 7 7257 46 5571 13 12784 4
17813 26 7637 7 1978 27 19226 22 3325 36
4680 10 18980 14 8576 42 8038 27 17958 3
3597 22 16669 7 14377 46 11312 25 19411 34
7037 32 16571 19 16974 18 1038 33 16847 3
4359 28 15776 20 18430 18 3746 28 18035 6
3294 23 16343 26 19995 34 14604 19 18089 8
12981 43 18734 3 784 36 11847 50 10693 35
13401 21 12020 34 6630 2 12909 28 3759 47
7261 28 3216 46 9443 33 3452 2 13033 28
1972 32 14250 43 11815 5 15567 31 9078 32
13369 9 5549 45 8435 41 3670 12 7352 49
11400 42 15745 30 826 36 443 47 14346 21
11014 25 2952 38 19097 29 11866 31 14177 45
11199 35 19708 46 8981 7 635 19 252 39
10097 49 5885 15 16935 38 16909 34 9159 50
12491 2 15500 34 18829 48 12397 35  38
19021 45 16509 5 17716 2 15168 43 13211 14
13457 22 7298 Z 8755 43 2720 19 5882 25
11915 37 18086 33 9709 26 3482 3 3645 11 9742 21
Jsnihzinatas tapa şchahdas 94 şehrijas:
639. 846. 1053. 1410. 1563. 2384. 2465. 2809. 2952. 3274. 3434. 3477. 4401. 4560. 5024. 5295. 5306. 5469. 5711. 5758. 5837. 5863. 5979. 6011. 6402. 6419. 6476. 6895. 7356. 7521. 7534. 7608. 7802. 7843. 7954. 7983. 8057. 8102. 8425. 8432. 9041. 9199. 9540. 9774. 10218. 10221. 10373. 10655. 11268. 11594. 12307. 12368. 12836. 12938. 13437. 13479. 13775. 13824. 14010. 14138. 14241. 14588. 14901. 14928. 15266.  15427. 15582. 15630. 15808. 15955. 16366. 16594. 16824. 17006. 17081. 17197. 17291. 17386. 17610. 17628. 17668. 17908. 17931. 18404. 18131. 18451. 18539. 18600. 18883. 19098, 19101. 19335. 19568.