Labas laimes lasitajeem! )
Winnesti pa 500 rubļeem.
şehr. biļ. şehr. liiļ. şehr. biļ. şehr. biļ.
39 3 5612 41 10655 50 I 14670 29
90 9 ş 5130 15 10672 2 14838 33
511 11 5755 33 I&lt;&gt;.!7i 14 14849 37
 6 5845 41 lll.'ìl 14 l!'.).'&gt;'.' 5
563 41 5921 5 11142 9 15.103 42
597 31 6044 1 11144 13 15196 4
598 38 6072 24 11236 42 1.5232 7 726 39 6072 26 11304 48 15243 23 732 14 6152 33 11312 50 15321 7 745 16 6179 19 11315 22 15340 47 786 7 6246 24 11322 44 15582 36
 ş 115Ş ? Ivvvv 11
1525 2 6303 32 11538 13 15807 37
1610 39 6333 18 11850 19 15975 9
1676 13 6351 46 11867 13 16100 14
1818 45 6633 28 11937 26 16143 14
1905 33 6661 48 11956 15 16319 21
1994 43 6704 5 11961 27 16370 3
2044 16 6722 9 12017 23 16403 1
2051 40 6760 26 12234 29 16463 33
2057 21 6918 13 – 12244 6 16503 43
2069 50 6919 33 12282 39 16690 35
2172 43 6995 27 12299 12 16800 44
2174 2 7150 26 12308 5 16874 42
2204 40 7218 3 12370 42 16999 34
2254 5 71.'.'1 5." 12412 6 17007 9
2258 21 7293 42 12434 48 17015 45
2270 11 7443 31 12447 25 17047 26
2370 33 7597 34 12562 41 17100 7
2384 19 7617 5 12670 34 17119 2
2397 47 7804 12 12700 30 17121 40
2401 11 7823 33 12741 24 17170 43
2438 43 7875 14 12833 47 17290 33
2502 13 7909 16 12834 50 17377 17
2522 27 8021 21 12911 36 17441 26
2598 3 8029 43 12912 35 17479 11
2706 15 8050 13 12937 8 17542 7
2752 50 8059 5 13025 50 17578 5
2806 26 8256 16 13054 43 17584 48
2850 5 8287 24 13156 31 17654 38
2906 49 8344 11 13183 42 17725 20
3087 17' 8398 Z4 13320 49 17824 13
3174 21 8420 40 13328 23 17879 30
3219 39 8473 48 13364 28 17905 50
3334 43 8578 31 13369 34 17966 17
3461 1 8582 21 13380 8 17968 1
3593 10 8595 15 13444 39 17972 28
3616 35 8770 42 13517 23 17980 41
3881 43 8837 28 13569 17 18047 23
4020 4 8995 21 13685 14 18121 18
4173 34 9174 36 13709 18 18297 27
4283 50 9258 15 13722 27 18378 30
4317 31 9308 1 13808 19 18432 9
4406 23 9354 9 13974 32 18674 4
4515 15 9599 11 14004 1 18701 23
4614 9 9603 19 14024 40 18862 21
4727 2 9644 19 14166 21 19023 49
4770 11 9722 39 14195 16 19160 39
4791 10 9838 16 14433 1 19287 31
4822 25 9929 30 14469 13 19456 19
4831 42 10280 25 14557 50 19649 26
5099 6 10366 39 14581 50 1.'708 2
5248 32 10388 15 14583 39 19725 35
5305 16 10461 29 14586 43 1U765 43
5518 28 10462 30 14620 19 19976 27
Jsnihzinatas tika şchahdas 106 şehrijas:
50 128 245 688 894 1459 1590 2014 2100
2476 2652 2661 2658 2721 2982 3008 3292
3544 3574 3639 3798 4566 4703 4725 4773
5034 5269 5334 5453 5712 5755 5806 5823
5936 5976 6063 6134 6588 6664 6794 6859
7709 7724 8085 8277 8822 9029 9272 9379
9639 9729 10369 10830 10733 10908 11227 11403 11482 11827 11847 11898 12322 12447
») Leelakos winneftus şkat. I. uummuia „Wisjaunakâs ſiņâS".
12562 ISBI3 13544 1 3646 13709 13796 14008
14127 14154 14665 14830 15727 15756 15762
15922 15999 16017 16073 16526 16663 16675
16700 16993 17215 17282 17511 17671 17688
17800 17920 17968 18171 18340 18501 18633
18679 19127 19167 19188 19378 19744 19781 19834.