Labas laimes lasitajeem!
Pehterburgà. !. lulijà. Şchodeeu. 43. reiſ islosejot pirmo 5-prozentu prehmlm aisleeņu, winnesti krita us şchahdeem nummureem: 200,000 rubļ. us Nr. 10.875—23. 75,000 „ „ „ 11.530— 5. 40.000 „ „ „ 14.896-33. 25.000 „ ~ 8,792-39.
3 wiuuesti, katrs 10.000 rubļ.. us NNr. 19.919—17. 8885—15, 10,074—26. 5 winnesti, katrs 8000 rubļ., us Nà 3260—7,  17.220—14, 1646—49, 6857—49.
8 winnesti, katrs 5000 rubļ., us NNr. 6847—26. 13.644—39. 12,901—3, 2354-28. 1789-13. 6911—19, 3743—2. 12.309—8.
20 Minnesti. katrs 1000 rubļ.. us NNr. 20.000—12. 2773—45. 3874-15, 2095—15. 6045—6, 14.932-45. 9130—6, 17.293—6. 19.057-12. 6800—28, 7011 —28, 18.392—31, 5073-42, 2533-42, 994—49, 8998—15, 13,799-22, 14,958 —4, 2379—3, 14,056-3.
Wiuuesti, katrs 500 rubļ.
şehr. biļ. şehr. biļ. şehr. biļ. şehr. biļ. şehr. biļ.
7 41 I 3946 26 7555 50 11509 14 15277 5
49 40 4018 29 7557 50 115-18 23 15310 37
94 37 40 7 48 7662 19 11562 10 15395 31
222 10 4094 46 7667 14 116 2 14 15541 38
234 10 4185 15 7673 13 11667 20 15658 3
290 6 4372 48 7754 13 11800 42 15681 26
505 15 4376 36 7825 12 11883 3 15733 43
518 47 4436 13 7848 10 11953 49 15836 17
570 32 4450 7 7905 46 11975 34 15852 44
634 21 4537 12 8022 45 12008 34 16132 28
743 20 4579 19 8023 44 12271 21 16163 28
765 39 4586 12 8111 18 12286 23 16210 15
1034 4 4645 35 8133 31 12348 12 . 16253 29
1035 10 4662 40 8142 18 12387 20 16354 36 1108 10 4812 33 8221 30 12400 39 16566 47 1415 32 . 4842 12 8248 39 12680 23 16581 45 1888 35 4934 18 8272 38 12750 23 16711 1 1916 18 4950 29 8274 22 12822 48 16847 10 1955 49 4968 37 8408 II 1 867 21 16888 45 2013 9 5291 47 8505 32 12919 19 16892 7 2024 41 5384 10 8508 31 13319 29 16999 50 2073 30 5403 9 8514 18 13328 34 17352 38 2138 20 5502 6 8633 33 13367 36 17413 29 2166 8 5739 48 8686 8 13444 32 17446 6 2337 33 5830 27 8956 24 13479 50 17642 43 2341 30 5838 22 9127 41 13492 5 17753 48 2396 23 5939 16 9177 41 13563 25 17779 35 2501 42 6290 34 9240 31 13599 39 177-8 16 2560 24 6353 17 9287 34 13604 14 17914 1 2571 29 ļ-397 3 9430 29 13766 20 17996 9 2666 49 6448 4 9488 20 13904 17 18023 6 2821 19 6487 40 9526 19 14016 18 18042 4 2942 46 6570 6 . 9593 26 14023 29 18263 20 2945 35 6575 16 9674 15 14061 12 18299 50 Ņ9 31 6602 20 10063 45 14067 44 183V7 9 2976 43 6638 15 10083 45 14134 46 18449 24 3078 41 6684 8 10107 19 14154 35 18605 45 3116 10 6696 31 10160 19 14243 4 18672 32 3211 9 6755 43 10102 3 14285 47 18674 39 3334 4 6759 10 10210 45 14287 8 18714 21 3381 12 6917 12 10244 2 14358 41 18730 36 3412 40 7071 16 10286 42 14376 26 18828 44 3514 34 7139 48 10362 22 14490 45 19014 11 3561 4 7160 48 10462 29 14505 45 19047 43 3604 9 7179 39 10523 40 145 Z2 31 19111 43 3638 26 7191 5 10736 30 14534 36 19393 10 3641 17 7201 46 10939 24 14730 12 19433 36 3660 21 7207 36 10946 9 14825 41 19584 29 3767 3 7270 19 11165 8 14870 40 19622 12 3878 25 7351 27 11283 42 15124 12 19675 1 3880 11 7414 45 11300 38 15156 49 19818 3 3931 40 7473 14 11475 16 15275 42 19998 5
Jsnihzinatas tika schahdas 82 sehrijas:
75 520 542 694 934 1345 1457 1555 1832 1982 2094 2338 2533 2659 3410 3639 4124 4532 5085 5180 5461 5634 5858 6250 6280 6370 6988 7044 7103 7205 7378 7494 7541 7577 7679 7704 7746 7840 7910 8214 8295
8730 8972 9202 9300 9360 9423 9964 10,678 11,271 11.871 11,955 11,999 12,953 13,070 13,258 13.529 13,816 13.853 14,427 14,434 14,649 14,709 14,748 14,850 15,155 15,223 15,264 15,271 15,306 15,396 16,160 16.814 17,276 17.407 17,427 17,701 18,745 18,966 19,231 19.857.