Labas laimes lasitajeem!
Pehterburga, 3. Merza. 28. tvilkschana no ohtrahs 5 prozentu malstS-aisļeeneschanas biļetehm tee leelakee minnesti us ẜcheem nummureem isnahza:
200,000 rubļ. us Nr. 4940—36.
75,000 „ „ „ 2313—2.
40,000 „ „ „ 7938—29.
25,000 „ „ „ 4538—40.
3 Minnesti pa 10,000 rubļus: 11124—19, 11575—5, 19152—50.
5 Minnesti pa 8000 rubļ. us: 1374—48, 18295—23, 16071—28, 10058—13,
19942—7.
8 minuesti pa 5000 rubļ. us: 2683—27, 15704—41, 19838—42, 370—13,
11056-27, 7569—6, 8472—1, 13204-11.
20 minnesti pa 1000 rubļ. us: 8536—28, 5353—46, 16896—28, 9555—33,
15373—19, 10061-9, 19399—2, 7815—4, 15785—37, 11357—33, 12446—
47, 11059—43, 4154—39, 9769—28, 17371—18, 17600—48, 10306—9, 8861—41, 11958-15, 6684—8.
Minnesti va 500 rubļ.:
Sehr. Bil. Ģehr. Biļ. Sehr. Biļ. Sehr. Biļ. Sehr. Biļ.
5104 1 356 11 1111 23 15679 30 14328 39
5791 1 2283 11 9786 23 19835 30 18453 39
12747 1 3873 11 10660 23 2153 31 3531 40
13013 1 7178 11 14019 23 4930 31 15727 40
15414 I 13437 11 5026 2 4 6024 31 18642 40
19178 1 15174 11 6246 24 6421 31 3789 41
19193 1 1864 12 9431 24 16906 31 5183 41
672 2 4351 12 10357 24 18848 31 12270 41
2640 2 7589 12 13151 24 2527 32 15809 41
16977 2 12635 1 2 1 3767 24 2665 3 2 3622 42
17286 2 13058 12 14166 24 8311 32 9712 42
179!&gt;4 2 5721 13 14272 24 13075 32 16098 42
19265 2 10893 13 14781 24 14768 32 18591 42
19502 2 11500 13 15164 24 17982 32 9233 43
540 3 14489 13 15793 24 19801 32 12411 43
2578 3 15025 13 16050 24 5006 33 12480 43
10592 3 2740 14 16761 24 5147 33 2185 44
11377 3 3488 14 1980 25 10459 33 3988 44
12837 3 4226 14 5663 25 15162 33 5337 44
5018 4 5831 14 15040 25 19073 33 5498 44
5883 4 15028 14 1345 26 8115 3 4 7526 44
16307 4 15150 14 2269 26 8612 33 8830 44
16855 4 15782 14 9337 26 12357 33 12426 44
18151 4 1107 15 13600 26 18510 34 14253 44
19777 4 7714 15 15216 26 1119 35 17568 44
1201 5 8211 15 16299 26 1185 35 19707 44
5953 5 9218 15 17033 26 11304 35 19724 44
8501 5 11216 15 17959 26 1777 35 19798 44
5900 6 16050 15 3745 2 7 4903 3« 6044 45
16680 6 16303 15 7646 27 6635 36 6767 45
7011 7 18232 15 10656 27 10866 36 8329 45
8599 7 19780 15 12613 27 11509 36 3883 4«
11243 7 17439 16 15076 27 15046 36 8406 46
11263 7 3833 17 18963 27 7590 37 10735 46
19480 7 4177 17 8131 28 11567 37 14934 46
833 8 6363 18 13531 28 12817 37 15206 46
1033 8 8640 18 13920 28 16115 37 734 47
1463 8 8649 18 15381 28 16782 37 Ш6B 47
9490 8 11106 18 2481 29 19877 37 3909 48
16047 8 5643 19 2553 29 19883 37 4866 48
3687 9 17900 19 5822 29 617 38 15189 48
6114 9 19285 19 8451 29 1457 38 19544 48
9164 9 19590 19 8884 29 5594 38 3526 49
12052 9 19730 19 9005 29 9501 38 4634 49
15748 9 16231 21 9966 29 16000 38 9493 49
16833 9 10672 22 11125 29 16818 38 18198 49
18570 9 11632 22 18341 29 2203 39 19615 49
8027 11688 22 2296 3 0 670g 39 19870 49
12917 W 13018 22 5368 30 7420 39 60 50
13953 10 15064 22 6491 30 9272 39 416 50
15963 10 15310 22 11404 30 10096 39 813 50
16925 10 19123 22 11835 30 13946 39 7034 50
Jsmaksajamo un isdſehschamo biļetu nummuri:
341 2624 5997 8318 11381 14174 17746
595 2790 6499 8702 11901 14348 17817
706 3954 6517 8984 ' 11914 14609 17898
852 3970 6974 9115 12143 15075 18236
876 4135 7210 9951 12572 15241 18252
1950 4176 7355 10175 13148 16128 18478
2172 4370 8017 10867 13571 16376 18793
2586 4456 8033 10922 13761 16615 19632
2597 5874 8157 10998 13872 16617