Labas laimes lasitajeem!
Pehterburgà, 1. Septemberî. Schodee». 57 reiſ islosejot otru 5-prozentu prehmiju aisleeņu, winnesti krita us şchahdeem nummureem:
200.Ş rubļ. us şchr. 14.388 Rr. 44. 75.000 . . . 8.752 . 45. 40.000 . . . 7.441 . 7. 25.000 . . . 14.547 . 23. 3 winnesti à 10.000 nibļ. us şehr. 12.182 Nr. 18. şehr. 12.709 Nr. 40. şehr. 16.305 Sà. 31.
5 winnesti àBOOO rubļ. us şehr. 3201 Nr. 18. şehr. 4149 Nr. 26. şehr. 10 076 Rr. 28. şehr. 11.885 Nr. 42, şehr. 15.586 Nr. 26.
8 winnķsti à 5Ş rubļ. us şehr. 376 Rr. 32. fthr. 1996 Nr. 47. şehr. 4994 Rr. 7. şehr. 7358 Rr. 36. şehr. 11.790 Nr. 2. şehr 15.832 Nr. 32. fthr. 17.740 Nr 40. şehr. 19.241 Nr. 9.
20 winnestu û 1000 rubļ. us şehr. 1407 Rr. 26. şehr. 2109 Nr. 29. şehr. 2964 Nr 45. şehr. 3912 Rr. 16. şehr. 4594 Nr. 19. şehr. 6214 Rr 22. şehr. 6378 Nr. 31. ş,hr. 8154 Rr. 29. şehr. 9205 Rr. 13. şehr. 10.59? Skr. 7. şehr. 11.050 Nr. 47. şehr. 11,348 Nr. 35. şehr. 12.021 D. 13. şehr. 12.144 Rr. 26. şehr. 13.459 Nl. 26. şehr. 13.570 Nr. 45. şehr. 14.122 Rr. 14. şehr. 16.277 Rr. 41. şehr. 17.104 Str. 33. şehr. 17.835 Rr. 3.
Winnļfti pa 500 rubļeem.
şehr. biļ. fthr. biļ. şehr. biļ. şehr. biì. şehr. biļ. 48 43 4,506 11 9,152 1013,228 27 16,589 49 89 42 4,596 36 9,162 35 13,250 3 16,758 1 103 35 4,608 25 9,296 38 13,315 6 16,921 44 195 49 4,641 40 9LOB 5013,347 16 16,929 5 340 16 4,756 26 9,349 43 13,419 32 16,989 39 347 33 4,819 24 9,399 49 13,509 22 17,106 31 421 48 4.939 2 9,529 4 13,585 44 17,138 48 562 26 4,970 40 9,612 3 13,622 35 17,274 25 596 10 4,971 13 9,675 18 13,680 5 17,292 20 664 33 4,979 9 9,709 28 13,701 33 17,342 35 719 23 4,980 15 9,746 24 13,796 11 17,410 45 742 6 5,178 11 9,784 2013,823 37 17,444 46 839 8 5,237 43 9,804 39 13,893 21 17,445 48 912 24 5,261 14 9,868 6 13,945 3 17,633 28 1,169 17 5,369 46 9,915 3013,971 15 17,716 36 1,218 25 5,534 46 9,995 45 14,076 44 17,744 27
1.225 30 5,653 48 10,078 6 14,093 46 17,853 24 1,249 50 5,723 1010,197 41 14,141 29 17,922 36 1,289 47 6,006 12 10,217 42 14,450 32 18,004 16 1,337 456,088 50 10,275 38 14,499 44 18,012 41 1,365 21 6,183 II 10,291 7 14,564 48 18,040 45 1,408 23 6,284 32 10,348 48 14,586 29 18,048 22 1,537 37 6,310 35 10,371 27 14,660 8 18,284 40 1,643 40 6,371 4510,384 29 14,788 34 18,307 42 1,813 48  2310,443 24 14,792 30 18,439 34 1,890 20 6,483 34 10,621 46 14,834 42 18,728 30 1,890 38 6,488 1610,734 11 14,842 10 18,754 34 1,987 5 6,851 3411,034 3414,868 36 18,783 40 2,339 39 6,959 2811,035 4314,898 33 18,800 42 2,457 44 7,082 911,079 25 14,954 37 18.801 48 2,701 9 7,162 3411,408 3215,002 24 18,892 42 2,776 40 7,208 3811,536 3515,056 18 18,933 22 2,847 5 7,367 36 11,543 34 15,077 10 19,059 4 2,874 28  411.669 4015,088 25 19,166 22 2,901 42 7,571 4311,737 43 15,220 29 19,185 48 2,949 29 7,896 1611,965 3515,259 33 19,286 9 2,971 15 7,921 512,029 36 15,278 44 19,301 13 3,022 34 7,932 49 12,197 24 15,302 45 19,323 36 3,071 40 7,948 912,214 34 15,437 28 19,369 33 3,172 34 8,008 14 12,215 7 15,468 18 19,372 50 3,218 20 8,038 14 12,260 33 15,575 4 19,495 30 3,280 34 8,244 31 12,378 26 15,660 11 19,524 43 3,294 15 8,298 28 12,513 49 15,996 1 19,644 14 3,462 15 8,326 5012,529 28 16,045 40 19,694 4 3,471 II 8,447 13 12,557 3616,210 25 19,701 39 3,586 2 8,505 33 12,574 5016,224 34 19,777 14 3,648 17 8,527 3212,640 2516,226 39 19,783 29 3,806 27 8,636 7 12,695 28 16,387 25 19,783 48 4.131 18 8,664 25 12,821 20 16.397 41 19,890 27
4.226 43 8,742 41 12,859 48 16,448 43 19,940 24 4,238 15 8,870 22 12,935 42 16,493 47 19,972 6 4,365 23 8,890 36 13,042 43 16,541 40 19,982 13
Jsnihzinatas tika şchahdas tO3 şehrija»: 530. 548. 687. 745. 949. 1145. 1146. 1642. 1707. 1764 1806. 1996. 2041. 2182. 2496. 2651. 2653. 2752. 2918. 3095. 3123. 3216. 3298. 3311. 3637. 3638. 4046. 4274. 4439. 5360. 5648. 5658. 5760. 5951. 6143. 6277. 6283. 6337. 6435. 6436. 6580. 6644. 7006. 7239. 7284. 7461. 7635. 7880. 7913. 8079. 9032. 9036. 9233. 9249. 9435. 10131. 10153. 10437. 10454. 10616. 11193. 11221. 11291. 1135. 11763. 11797. 11946. 12027. 12449. 12592. 12628. 12704. 12749. 12877. 12928. 12998. 13180. 13984. 14051. 14327. 14474. 14522. 15217. 16614. 16731. 16763. 17035. 17207. 17275. 17346. 17371. 17490. 17536. 17826. 17869. 17891. 18010. 18317. 18761. 18930. 19342. 19410. 19660.