500 rbļ. winnezti
1900. gada 1. Maija muischneeku agrarbanta» 21. islosejumā krita us schahdeem numureem: Şer. Nr. Şer. Nr. Şer. Nr. Şer. Nr. Şer. Nr. 47 8 2.525 18 6.063 26 9.260 49 12.911 19 96 15 2 536 39 6.081 39 9.267 19 12.957 5 103 6 2.692 18 6 102 19 9.349 48 13.002 44 105 1 2.723 29 6 112 34 9 393 9 13 009 50 169 49 2.729 16 6.124 28 9.395 4 13.096 37 187 3 2.838 24 6.125 33 9.490 43 13.117 49
241 27 2.945 17 6 165 9 9.501 32 13.142 47
242 2 3.092 48 6.279 38 9 677 10 13.211 17 282 38 3.114 3 6.332 36 9.683 25 13 228 19 323 30 3.129 28 6 518 3 9.715 43 13.234 43 373 10 3.268 28 6 522 23 9.746 36 13.262 21 380 34 3.274 6 6.548 12 9.827 50 13 312 3 635 37 3.299 4 6.555 27 9.866 15 13.359 16 714 18 3.369 39 6.659 10 9.939 18 13.382 40 718 3 3.433 24 6.781 32 10.041 21 13.413 23 743 8 3.467 43 6.891 28 10.105 16 13.563 15 955 31 3.489 5 7.061 6 10 310 13 13 577 3 963 8 3.544 II 7 106 34 10.320 5 13.753 2
1.016 24 3.676 32 7.125 50 10.414 1 13.891 30 1.117 48 3.710 8 7.225 37 10.416 32 13.953 28 1.246 3 3.732 24 7.260 13 10.483 2 14.023 17 1.289 36 3.820 12 7.283 43 10.516 3 14.i09 12 1.322 14 3.869 47 7.418 22 10.567 43 14.1.36 1
1.337 10 4.050 29 7.516 2 10.652 40 14.i38 42
1.338 5 4.114 38 7.518 36 10.699 18  25 1.464 48 4.190 6 7.576 1 11.008 24 14.261 2l 1.479 10 4.237 31 7.589 25 11.045 2 14.Z93 33 1.709 2 4.338 34 7.890 2 11.132 21 14 zB2 38 1.723 6 4.343 33 7.897 35 11.215 42 14.5 W 14 1.740 43 4 363 32 7.925 46 11.241 16 14.577 12 1.854 47 4.445 30 7.994 27 11.282 49 14.tz05 50 1.865 19 4.526 26 8.041 41 11.288 19 14.g46 I 4 1.933 19 4.580 31 8.114 39 11.308 43 14.567 5 1.968 13 4 602 21 8.170 33 11.370 23 14.g50 30 1.992 1 4.603 42 8.200 19 11.376 32 14.965 34 2.009 32 4.833 13 8.264 19 11.424 39 15.()43 41 2.032 25 4.902 34 8.316 5 11.4?2 12 I5.l)68 38 2.077 50 4.943 10 8 340 39 11,554 3 15.Z37 4? 2.081 40 4.998 22 8.381 33 11.568 33 15.Z19 26 2.085 9 5.152 1 8.429 41 11.631 34 15.Z37 33 2.187 26 5.193 46 8.555 40 11.797 6 15.502 8 2.235 18 5.297 7 8.596 23 11.819 25 15.530 9 2.251 6 5.308 20 8 643 36 11.880 47 15 536 3 2.254 26 5 311 33 8.728 38 11.943 8 15 536 46 2.331 47 5 343 20 8,770 6 12.141 30 15.678 41 2.378 37 5.424 12 8.835 36 12.483 38 15.774 27 2.383 42 5.429 35 8.904 33 12.486 2 15.858 16
2.389 35 5.448 30 8 945 24 12.624 13 15.886 18
2.390 11 5.467 43! 9.101 2 12.624 39 15 901 1 2.419 2 5.477 40i 9.199 49 12.878 23 15.916 28 2.426 11 5.563 17 9.207 49 12.879 14 15.969 9
2.460 19&gt;5.580 47.9.209 2 12.883 8j 15.992 28
Amorliseta» schahda» sērija»:
14 2332 3829 6133 7614 9370 11965 14251
334 2468 4151 6207 7804 9582 11996 14353
384 2521 4213 6281 8059 9710 12054 14403
971 2557 4312 6335 8090 9880 120v2 14470
1067 2637 4583 6341 8113 10009 12191 14527
1084 2642 4692 6361 8190 10068 12231 14605
1137 2661 4997 6384 8371 10283 12361 14746
1139 2747 5069 6584 8445 10568 12424 14753
1224 2954 5225 6690 8699 10588 12561 15036
1278 2985 5310 6886 8718 10866 12562 15102
1279 3151 5417 6985 8893 10917 13074 15176 1442 3160 5424 6990 9048 11086 13104 15215 1502 3207 5613 7120 9097 11284  15820 1580 3227 5803 7297 9123 11299 13382 15860 1868 3559 5968 7326 9128 11421 13872 15880 2106 3583 5990 7331 9130 11539 14028 15894 2118 3615 6025 7460 9359 11688 14249 15972