Labas laimes lasitajeem!
Pehterburga, 1. Merz pusdeena. 26. milkschana no ohtras Zprozentes malstsaisleeneschanas biļļetehm tee leelakee minnesti us ẜcheem nummureem isnahza:
200,000 rubļ. us Nr. 12898—44; 75,000 rubļ. us Nr. 1508—43; 40.000 rubļ. us Nr. 11412—23; 25,000 rubļ. us Nr. 2—40. 3 Minnesti iv 10,000 rubļ. us NNr.: 16779—4, 7603—2.13803—30. 5 minnesti k 8000 rubļ. us NNr.: 12406—6,11142 —41, 11720—44, 6349—8, 4965—45. 8 Minnesti k 5000 rubļ. us NNr.: 14188—
48, 16719—3, 12826—36, 16316—14, 4922—3, 14121—42, 17189—15, 11019 —44. 20 Vinnesti a 1000 rubļ. us NNr.: 5231—29, 18946—26, 18340—5. 12228 —31, 577—50, 5588—41, 15592—26, 1657—36, 16595—36, 15682—31,1954—8,
10092—28, 575—50, 12197—32, 15771—47, 3276—12, 13366—29, 19072—50,
12078—32, 7085—35.
Minnesti 500 rubļ.:
Ģer. Biļļ. Ģer. Bis. Ģer. Biļļ. Ser. Viļļ. Ser. Bis. Ģer.Vis.
971 1 16689 11 10560 22 9116 29 6870 36 6419 44
9541 1 2160 12 13382 22 9828 29 7144 36 12099 44
17886 1 ' 5044 12 13396 22 1244 30 8612 36 14888 44
2894 2 9097 12 16419 22 3106 30 10936 36 18475 44
12688 2 960 13 16505 22 7998 30 17071 36 19572 44
137512 8838 13 7693 22 10195 30 18743 36 19830 44
6533 3 10810 13 11132 23 12986 30 4336 37 2735 46
13969 3 14243 13 5904 23 14788 30 6959 37 3241 46
18728 3 14909 13 9199 23 15399 30 17357 37 14371 46
9644 4 273 14 11831 23 17163 30 19420 37 14522 46
16243 4 1305 14 12747 23 4847 31 3022 38 2767 47
16533 4 8021 14 13296 23 9487 31 8678 L 8 5118 47
7876 5 12652 14 17096 23 12168 31 4411 39 5641 47
8602 5 16881 14 17686 23 12584 31 4513 39 13243 47
15326 5 55 15 18858 23 18807 31 4884 39 14418 47
202 6 6882 15 19100 23 1359 32 12037 39 17221 47
4654 6 6275 16 3378 24 1972 32 16575 39 18004 47
6594 6 7487 16 7618 24 3388 32 16828 39 1550 48
8943 6 8300 16 11231 24 5177 32 19461 39 3650 48
12525 6 8620 16 12686 24 10088 32 10840 40 10277 48
226 7 1054 17 13134 24 11815 32 503 41 11399 48
3228 7 1571 17 13637 24 14138 32 4327 41 12135 48
6756 7 9585 17 15061 24 14455 32 6303 41 13409 48
10931 7 11203 17 15496 24 18841 32 8705 41 13693 48
11850 7 11312 17 18795 24 7379 33 9078 41 15512 48
16376 7 11698 17 4167 25 8055 33 12276 41 17558 48
17398 7 2074 18 5377 25 9315 33 13282 41 18595 48
1519 8 4379 18 16625 25 10274 33 17223 41 95149
2446 8 16762 18 1148M26 17048 33 987 42 1445 49
6297 8 458 19 1178 26 17659 33 1753 42 3634 49
13521 8 4237 19 9561 26 19710 33 2799 42 3642 49
6266 9 9107 19 13597 26 4848 34 4535 42 3790 49
6913 9 13839 19 13901 26 11572 34 6736 42 3850 49
9595 9 897 20 15857 26 150 35 8906 42 5213 49
14184 9 1098 20 5832 27 2015 35 15991 42 6400 49
2968 10 9870 20 10874 27 2173 35 18050 42 8537 49
108 11 11960 20 13268 27 8213 35 1429 43 11366 49
1129 11 18258 20 19231 27 9581 35 7767 43 14113 49
2100 11 18271 20 676 28 9642 35 8556 43 14526 49
3230 11 19799 20 2575 28 13111 35 9016 43 5993 50
4062 11 11210 21 6223 28 16794 35 12822 43 10827 50
4444 11 7234 22 13786 28 19720 35 17562 43 11936 50
7622 11 8363 22 18507 28 3226 36 19847 43 15459 50
12777 11 8964 22
Jsmaksajamo un isdſehschamo Metu nummuri:
132 810 900 1203 1609 2272 2566
2610 2628 2958 3132 3182 3206 3927
4130 4144 4203 4331 5530 6075 6233
6865 6998 8213 8596 8727 8943 9137
9143 9829 10836 10918 11039 11704 12187
12659 12702 12716 12770 13812 13841 13980
14020 14563 14980 15467 15711 16300 17318
17338 17356 17374 17546 17860 18002 18214
19237 19464
Latm. aw. apgahdatajs: I. W. Sakranowicz.