Labas laimes lasitajeem!
Pebterburga. 2. lanmar. 22. nnlkschana no pirmahs 5 prozentes malstsaislcenĢ)anas biļeteehm tee leelakee minnefti us ẜcheem nummureem isnabza:
200.000 rubi. us sebriju 6040 Nr. 25; 75.000 rubļ. us 19.807 Nr. 1; 40.000 rubļ. us 13.740 Nr. 18; 25.000 rubļ. us 13.524 Nr. 39. Pa 10.000 rubļ.
us 9584-7. 19.948—45. 19.165—30. Pa 8000 rubļ. us Nr. 3310—40.
8561—21. 56Z6—24. 3681—21. 4973—42. Pa 5000 rubļ. us Nr. 2770—9.
8810-20. 16.064—36. 6762-2. 13720—1. 18.163-44. 2728-48. 2168— 20. Pa 1000 mbļ. us Nr. 18614-38. 1495-24. 3600—36. 15.592—38. 15,923—3. 15.121—22. 10.757-28. 3774—7. ,8.297-2. 1823—31. 5342 —32. 553—45. 13.480- 7.  16.845—22. 14.142—30. 15.653—17. 16.403—38. 11.414—45. 471—19.
-Ģehr. Biļet. -Ģehr. Biļet. Ģehr. Biļet. ķehr. Biļet. ķehr. Bitet.
00.056 40 04.499 6 08.959 40 12.361 32 15.796 29
00.424 25 04.516 25 09.064 3 12.380 22 15.874 22
00,463 38 04.929 35 09.119 24 12.397 30 15,885 22
00.573 49 05.036 42 09.119 46 12.569 14 15.977
00,714 38 05.053 7 09.164 47 12.618 50 15.990 33
00.819 33 05.446 24 09,252 41 12.631 45 16.027 12
00.857 14 05.452 15 09.299 29 12.634 14 16.175 36
00.878 45 05.540 5 09.446 8 12.755 36 16.591 50
00.891 14 05.543 18 09.555 30 12.759 28 16638 24
00.899 38 05,563 16 09.631 20 12.854 50 16690 24
00.929 44 05.599 12 09.666 44 12.907 43 16.959 12
01.053 18 05.611 II 09.847 22 13.095 27 16.973 27
01.100 39 05,640 6 09.877 13 13.271 29 17.037 35
01.185 34 05.649 6 09.929 31 13.315 30 17.106 29 01.501 11 05.674 4 10.084 5 13.571 41 17.171 14 01.631 36 05.713 15 10.136 27 13,643 14 17.226 29 01.651 40 05.902 14 10.251 9 13.681 28 17.393 28 01.874 15 05.962 25 10.328 23 13,799 46 17.456 16 02.083 27 06.008 18 10.363 9 13635 48 17.459 9 02.088 48 06.017 42 10.408 41 13647 9 17.558 35 02.173 21 06.169 12 10.640 10 14.220 39 17.763 31
02.186 32 06.260 36 10.643 48 14.046 42 17.813 38 02.194 29 06.262 26 10.773 23 14.149 21 17.877 31 02.287 12 06.290 7 10.842 11 14.134 4 17.896 39 02.344 12 06.361 38 10.856 43 14.276 46 17.919 14 02.389 21 06.457 4 11.028 22 14.340 30 17.933 14 02.471 50 06.505 10 11.032 4 14.552 32 17.969 49 02.521 36 06.529 25 11.043 11 14.567 7 18.044 4 02.587 21 06.700 26 11.130 43 14.653 30 18.092 43 02.637 16 06.761 31 11.185 32 14.974 16 18.257 10 02.654 47 06.769 7 11.298 40 15.028 50 18.410 12 02.674 7 06.809 45 11.362 36 15.052 26 18.485 42&gt; 02.787 29 06.857 35 11.384 1 15.087 38 18.546 3 02.802 48 06.900 41 11.450 20 15.208 27 18.569 42 02611 35 07.031 47 11.498 11 15.253 24 18.637 29 02.938 34 07.221 31 11.529 9 15.293 23 18.686 28 03.026 8 07.418 7 11.577 32 15.317 47 18.752 &gt;N 03.028 25 07.551 11 11.646 38 15.460 22 18.763 36 03.034 18 07.561 10 11.651 36 15.462 26 18.856 2 03.115 6 07.565 16 11.657 34 15,481 49 18699 48 03.122 19 07.576 43 11.667 7 15.496 21 18.925 35 03.393 2 07.690 9 11.750 7 15.501 36 18.933 14 03.462 28 07.796 40 11.819 19 15.519 5 19.215 48 03.526 17 07.848 9 11.853 38 15.644 6 19.226 34 03.594 28 07.930 22 11.854 22 15.678 8 19.245 36 03,681 34 08.087 44 11.868 17 15.718 14 19.532 28 03,716 23 08.171 32 11.985 35 15.721 2 19.546 30 04.000 47 04.467 20 12.072 8 15.744 48 19.626 39 04.109 7 08,600 47 12.090 44 15.751 39 19.903 12 04.287 35 08.857 1 12.117 18 15.781 32 19.932 47 04.357 15 08.876 41 12.228 18 15.782 36 19.983 44 04.442 2 08.886 16 12.294 40 15.795 47 19.991 39
Jsmaksajamo un isoschschamo biļetu nummuri:
01.282 03.497 07601 10.927 13.448 16.092 19.135
01.607 03.678 08.002 11.167 13.607 16.284 19.165
01.671 04.110 08.969 11.387 14.882 16.730 19.635
01.859 04.314 09.227 11.479 14.906 17.910 19.639
01.899 04.502 09.324 11.885 15.086 18,179 19.691
02.359 05.140 09.691 12.751 15.255 18.513 19.693
02.639 05.790 10.060 13,089 15.725 18.736 19.878
03,325 07.377 10.578 13.336 15.798