Labas laimes lasitajeem!
Peht-rburgà, 2. lulijâ. Schodeen. 39. reiſ islolejot pirmo 5-prozentu prehmntt aisleeņu, leelakee winnesti krita us schahdccm uummarecm:
200.000 rubļ. us k 7,874—l 7.
75.000 » ŗ » 8,963 —46.
40,000 . . . &gt;8,t43—19.
25,000 „ „ . 16.433—17.
3 winnesti. katrs 10.000 rubļ, us 10.339-49, 19.855—11, 4264—7. 5 wilincsti. katrs 8000 rubļ, us KA 777—33, 13,572—33. 1091—44. 18.975 —44. 15.026- 20.
8 winnesti. katrs 5000 rubļ.. us.V&gt;z 15.097—40.6554-50.19,115—8. 17.654 —14. 12.360 – 34, 8248 -20, 11.844—44. 1880—7.
20 winnesti. katrs 1000 rubļ. us Ļ 14.633-28, 13.837—35, 12L19—40,
16,151—45, 13.555—49, 14 650-33. 7019-31. 12.374—29. 14,387—37. 4134—2. 4179 – 43. 12858-13. 11.580-22. 13.225-29. 4071—11. 12,512-47. 7137—20. 5652-U, 1225-39, 15,755-12.
Winnesti, katrs 500 rubļ.
şehr. biļ. sehr. biļ. sehr. biļ. sehr. biļ.
1 16 5,632 30 10,142 45 14.724 24
133 35 5,663 10 10,197 43 14.773 Z
472 30 5.680 8 10.263 21 14.875 15
607 1  8 W. 317 31 14.930 31
6to 16  26 IŞ7 10 14.970 23
635 29 5.975 6 10.371 40 14.992 21
643 30 5.993 14 10.385 26 15.051 30
780 5 6.013 26 IŞ4 3s 15.146 10
791 45 6.057 27 10.412 8 15.213 2
805 45 6,134 49 10.446 29 15.366 26
812 47 6,170 20 10.8its 8 15,401 29
313 12 6.320 47 10.937 13 15.415 26
823 41 6&gt;j92 49 11,032 34 15.445 45
830 32 6.426 4 11.060 1 15.567 37
1.015 37 6.504 48 11.263 38 ,5.611 30
1.048 35 6.579 13 11.299 1 15.851 40
1 091 39 t&gt;Ķ6 3 11.383 34 15.948 8
1.123 43 1i.730 30 11.413 42 16.124 12
1,164 29 6,741 3 11.573 2 16.127 25
1.206 17 6.950 47 11.665 50 16.367 6
1,219 14 7 &gt; &gt; &gt; 26 11.666 I 1ļ),454 37
1.357 15 7,037 20 11.752 22 16.529 7
1,4!7 49 7.104 35 11.983 14 ļti.644 10
1.497 19 7.146 32 12.056 II 15.V53 23
1.516 12 7.230 44 12.2(17 40 16.675 t
1.520 12 7.296 26 12.246 28 16.67? 2
1,523 24 7.310 5 12.314 28 16.765 36
1.571 4 7.370 6 12.334 40 16,922 7
1.575 33  45 12.340 34 17.001 41
33 7.484 4 12,382 42 17.024 24
2.079 34 7.562 15 12.5Z3 42 17.148 33
2,172 30 7,622 23 12.540 3 17.191 50
2.273 23 7,74) 30 12.646 20 17.2t14 17
2.323 16 7836 39 12.715 18 17.265 49
2.335 10 7.938 42 12.792 16 17.278 45
2.569 1 V.194 30 I 2 30s 23 17.351 1!
2.596 5 8.303 34 12.812 41 17,621 38
2.'U4 47 8,31.2 26 12.813 48 17.745 35
2.776 32 1 16 12,973 38  3
2.972 4 8.561 25 13.061 4 17,'»32 31
2.982 47 8.559 4 t 13.148 46 18.066 47
2.995 24 &gt;„.!&gt;4 34 13.197 47 »2(ļ4 24
3.227 22 31 13260 39 18.215 2
3,240 37 3 644 2&gt;i 13,267 2 18.274 4
3.265 1 8,669 10 14.269 37  23
3.423 10 8.674 16 13.334 45 13.295 39
3.645 45 8.751 16 13.352 8 13.486 14
3,660 43 8.752 IZ 13.593 24 13,543 26
sehr. biļ. sehr. biļ. sehr. biļ. sehr. biļ.
3.718 Z 8.874 36 13.652 43 18.569 14
Z. 727 46 8.905 42 13.656 41 18.604 6
3.768 3 8,936 17 13.660 40 18.609 32
3.82 ļ 16 9.024 40 13.794 42 18,614 v
4,036 30 9.143 35 13.818 36 18.627 47
4.219 30 9.167 10 13.841 20 18.666 46
4.486 45 9.194 7 13.875 47 18.701 35
4.662 29 9.458 38 13.921 33 18.851 34
4.745 22 9.460 39 13.980 36 18.996 21
4.880 5 9.465 42 14.064 4 19.063 42
4.887 38 9.475 44 14.114 II 19.630 16
4.981 38 9.588 32 14.189 22 19.646 21
5.046 26 9.612 29 14.368 44 19,770 43
5.216 25 9,618 23 14,428 25 19,820 4
5.274 27 9.637 36 14,553 13 19.825 3
5.324 50 9.853 47 14.690 7 19.842 13
5.546 21 9.957 – 6 14.723 8 19.956 12