Labas laimes lasitajeem!
Pehterburga, 2. September. Schodeen 17. minnestu
milksehana no ohtras sprozenm walẜts aisleeneschanas biļetehm ẜchee nummuri minnejuschi:
200.000 rubļ. sehrija 13034 Nr. 49.
75.000 . „ 12195 „ 15.
40.000 „ „ 19790 29.
25.000 .. ~ 10418 „ 13.
3 minnesti pa 10.000 rubļ. i sehrija 8954 Nr. 1. sehrija 8394 Nr. 13. sehrija 17340 Nr. 32.
5 minnesti pa 8000 rubļ. : sehr. (14134) Nr. 27. (12269) 15. (5137) 32. (10952) 4. (2243) 50.
8 Minnesti pa 5000 rubļ. ! sehr (14567) Nr. 29. (7003) 49. (534) 46. (14430) 4. (1825) 5. (8769) 48. (3685) 45. (8091) 49.
20 minnesti pa 10(n&gt; rubļ. : sehr. (2628) Nr. 34. (4690) 17. (6854) 29, (5634) 36. (6374) 6, (1578) 7, (10483) 9, (14150)
7. (1359) 4, (19121) 27. (18070) 21, (7259) 9. (2168) 37. (9985) 15. (5357) 34. (4954) 26. (4590) 38. (2918) 26, (1305) 2, (13715) 6.
Pa 500 rubļ. minnesti: (12626) 39. (18988) 37. (13833)
1. (15793) 22. (10671) 27. (692) 41. (14306) 14. (153781 49. (2226) 48. (9522) 15, (14480) 3. (5233) 40. (7682) 33, (N772)
15. (478) 42. (17608) 18. (17529) 33. (16260) 37. (4572) 32. (151 25) 50.(669)44.(7120) 21.(8561) 33,(13751) 10. (11240) 11. (4761)
2. (17552)28.(2708) 37,(2485) 3. (11835) 23. (14193) 4. (5699) 22.(13035) 20. (15419)35.(12600)45.(157)42. (2779) 13.(2085)
16, (1684) 23. (4716) 29. (12967) 17. (12150) 40. (14875) 13. (4634) 34. (17034)38,(12193)4. (6199) 33.(13154) 23. (603) 32. (17942)
15. (9557) 12. (15882) 19. (15023) 16. (8245) 20, (12155) 7, (18926) 47. (12289) 14. (412) 5. (905) 38, (8759) 37. (17884) 49. (12035) 44. (7141) 7, (3803) 11. (I34I1) 29. (9771) 35. (13213) 30, (15315) 41. (15008) 5. (10396) 17. (13943) 49. (8026) 44. (18591) 11. (12899) 47. (8718) 1. (6519) 44. (4621) 28, (10724) 25. (2712) 33. (13865) 14, (12822) 3. (11480) 37. (11987) 36. (1049) 31. (14013, 4. (16300) 18. (5237) 23, (18221) 12, (6392) 17. (17382) 5. (15065) 10, (6826) 35. (16347) 36. (8329) 8, (11570) 29. (1622) 41. (9374) 5. (652) 34. (I94I1) 37, (8774) 6. (9594) 22. (230) 19, (15020) 17. (968) 4. (5907) 31. (5547) 3, (5812) 11 . (5445) 16. (10226) 1 1. (10185) 21. (8980) 11. (14025) 43, (16104) 30. (18175) 39, (5666) 23. (14670) 4, (590) 16. (7180) 36. (4801) 30, (1918) 47. (249) 36. (15961) 45. (2092) 19, (8704) 38. (13114) 26. (18225) 14. (6527) 34. (10751) 39. (1025) 29. (12365)
16, (9658) 16. (16533) 47, (8367) 44, (3269) 11. (9671) 34. (6185) 10. (9179) 12. (17867) 49. (14468) 31. (12442) 36. (II176) 1, (1899) 3, (4624) 3, (13236) 48. (7416) 37. (18359) 19. (17693) 40. (7783) 14. (300) 27. (17054) 49, (6496) 14. (1637) 45. (1071) 26. (15168) 41. (13212) 26. (4137) 8. (6893) 31. (13736) 23. (16341) 28, (19605) 1. (12073) 26. (14228) 5. (2005) 21. (17663) 41. (4629) 9. (4560) 46, (822) 31. (19277) 46. (6111) 15. (5045) 12. (10041) 25. (10998) 41. (8198) 25. (3096) 7, (1.454) 35. (10.425) 28. (10.641) 3. (11.470) 25, (15.968) 17. (9.408) 42. (1,644) 41, (3.629) 40. (1.783) 23. (6.866) 25, (6.851) 12. (2.394) 38. (11.910) 34. (15.477) 18, (3.200) 45. (1,605) 17, (4.765) 6. (1.858) 8. (10.354) 9, (18.225) 17. (6.002) 14. (5.041) 24. (15.509) 30. (12,756) 5. (15.391) 23. (16.077) 8. (11.398) 24. (13.379) 17, (8,035) 38. (10.195) 23, (3,081) 22. (19.965) 12, (11,688) 25, (5,996) 42. (12,086) 39, (15.598) 5. (19.924) 30. (9,497) 16. (19.509) 42, (17.367) 17. (19.443) 35. (1.230) 49. (15.595) 20, (18,080) 44. (2,636) 50. (11.923) 43. (2,185) 32. (19,960) 30,
(153) 45. (17.493) 28, (17.596) 1, (6,160) 9. (7.410) 44 (14.060) 8. (12.051) 25. (8.653, 30. (15.182) 27. (19.517) 3l' (2.863) 10. (17.746) 31. (18.560) 8. (7.517) 16. (13,679) 3ļ' (5.360) 7. (12.674) 50. (10.615) 29. (5.239) 38, (3.808» 50
(11.986) 29, (7.474) 6, (17.307) 2, (702) 33, (17.763) 5'
(16,250) 1, (4.588) 44. (9.799) 50, (1.627) 32. (1.925) 30 (1,016) 44. (19.888) 45. (8.502) 3. (8.204) 36. (13.460. 39 (13.447) 41. (6.781) 34. (12.494) 7.
Ismakfajamo un isosehfchamo biļetu nummuri: 9444. 6079 9356, 10680, 12159. 2366, 6191. 12983. 6055. 3609. 10668. 9055. 8424. 16928. 1094. 1864 5. 18674, 9514, 17508. 17844, 10992, 19651, 57 26. 11154. 15617 . 2770. 5286. 19264. 18738, 13700. 10227. 17513, 1569, 2558, 3708. 16239, 11172. 16714. 18520. 2517. 19024. 17636. 8669, 8629, 1528. 1968. 19930, 1556, 17809.