Eekschzeme.
Otrà eekschejà 1866. g. 5 prozentu
prēmiju aifoehmuma iNofejumâ 2,
martā 1915. gadâ
600 rub. vvinnesti krituschi uf sekoschàm sērijām un numureem:
Ser. Biļ. Ser. SH. Ser. Bi\. Ser. Bil. Ser. Bij.
39 32 5040 27 8888 27 12341 22 16267 43
C 3 17 5152 40 9011 39 12382 30 16317 24
305 43 5362 29 9048 35 12499 46 16341 29
348 40 5638 49 9049 34 12554 21 16350 4
860 46 5657 34 9124 30 12787 34 16374 10
837 25 5692 2 9218 3 12911 6 16493 36
865 47 5703 50 9360 21 13075 18 Ir 520 48
896 23 5747 9 9390 21 13174 8 16570 37
897 14 5774 32 9541 33 13205 12 16671 3 1033 35 5873 25 9606 25 13268 39 16713 1 1095 22 6047 9 9705 41 13321 31 16775 31 1120 33 6091 42 9732 30 13362 32 15780 31 1133 22 6174 18 9791 5 13493 48 16901 12 1379 19 6218 33 10064 18 13564 48 17"23 14 1449 41 6220 40 10073 4 13701 36 17251 47 1551 36 6246 19 10149 22 13725 5 18289 46 1593 30 6413 43 10151 45 13882 19 1730« 42 1753 8 6509 33 10305 10 13 03 33 17443 13 1972 8 6572 20 10349 5 14017 3 17500 16 2044 29 6712 13 10498 24 14100 28 17582 32 2079 18 6713 1 10814 37 14128 5 16781 15 2117 50 6714 46 10828 49 14273 26 17848 41 2390 21 6756 50 10917 49 14335 24 17866 8 2533 50 6763 19 10928 10 14336 5 17873 17 2694 3 6879 1 110 317 14353 50 18145 44 2750 11 7209 11 11036 18 14413 42 18299 46 2885 7 7311 7 11036 32 14449 6 18311 38 2904 25 7350 31 11040 18 14549 44 18328 9
2931 21 742« 34 11041 10 14550 7 18367 10
2932 13 7433 21 11050 11 14612 36 18375 39 3067 22 7687 48 11110 12 14649 29 1*402 22 3139 27 7695 46 11140 20 147H8 4 18641 32 3247 43 7703 21 11105 10 14883 25 18644 48 3409 39 7708 36 11304 45 14959 5 18707 83 3413 43 7862 27 11339 30 15011 35 18717 8 3428 12 7963 29 11352 42 15062 29 18762 28 3549 13 7979 49 11474 34 15085 5 19029 35 3705 27 8037 28 11572 40 15259 48 19283 8 3772 23 8189 3 11614 44 15279 24 19295 12 3850 26 8192 42 11631 15 15335 28 19315 36 3900 45 8206 45 11662 9 15178 15 19403 23 3034 48 8212 32 11791 49 15412 10 19453 26 3939 9 8245 26 11792 29 15457 32 19 65 48 4007 1 8250 3 11795 19 15527 30 19587 41 4083 10 8294 22 11353 19 15597 5 19715 17 4108 50 8228 34 11878 9 15655 16 19777 5 4286 8 84.9 48 11916 8 15694 5 19777 43 4314 37 85*9 25 11933 28 15810 1 2 1 9972 38 4489 34 8620 8 11979 30 15889 8
4552 44 8631 7 12090 2 15971 8
4774 48 8654 47 12103 3 16095 41
4800 33 8928 36 12117 43 1«147 25
5003 40 8830 24 12138 11 16253 13
Pawisam 300 vvinnesti, kopā 60,000 rub. Winnestu ifmaksaschana noteek vveenigi Petrogradas vvalsts bankas kantori un, saskaņā ar minēta aifņehmuma noteikumeem, 8 mehneschus pehz iflofeschanas, t. i. no h jūnija sch. g.
Ļwowâ, 7. martā. ẜche eevveda austreeschu guhstekņu baru, kurus aifvvakar saguhstija pee Perewiẜchlas uu kurẜch sastahvv no 140 vvirsneekeem un 6000 apakschkareivvjeem. Guhstekņi pahrak nowahiguschi. Wakar un schodeen vveda zaur pilsehtu leelus guhstekņu barus, kuri saņemti zihņas Karpatos un Austrumu-Galizijâ; weenâ pulkā bij pahri par 6000 austreeschu. Ir ari leels
skaits vvahzeeschu.