Tirdzneeciba.
2 janwara prēmiju biļeşchu islosejuma
500 rbļ. rvlnneili krituşchi us şekoşcham biļetēm:
Ser. Nr. Şer. Nr. Şer. Nr. S«r. Nr. Ştr. Nr. Ser. Rr.
19 30 3782 43 7194 lô 11210 41 146«? 29 17600 14
64 26 4143 10 7203 28 11215 49 14742 43 17514 18
215 19 4180 16 7341 15 11272 49 14747 16 14549 4
419 32 4308 49 7376 40 11360 20 14769 2 17573 11
495 36 4373 1 739! 16 11336 8 14783 29 17626 32
683 8 4485 40 73.3 27 11359 38 14808 32 17629 33
600 24 4520 22 7488 23 11J35 14 14934 11 17678 16
791 16 453:! 36 7496 44 11616 15 15288 17 18615 16
908 29 4709 28 7526 34 11714 9 15366 44 1 8019 49
925 25 4721 21 7726 22 11769 13 15417 23 18040 50
1056 35 49tl 26 7771 48 11869 2 15421 10  17
1107 28 4987 29 7813 20 11951 10 15421 40 18103 7
1179 24 6001 45 7906 8 12120 15 15438 37 18166 30
1222 19 5006 26 8065 42 122 244 15442 30 18382 20
1344 31 5198 3 8254 2 12493 11 15463 5 18395 31
1605 46 6215 18 8334 12 12539 49 15584 31 18418 6
1611 14 5345 29 8352 45 12573 9 15590 40 18428 40
1741 26 5498 24 8587 33 12588 27 15» 53 31 18458 14
1912 19 5520 24 8660 4» 12725 5 15703 74 18540 24
2054 7 5641 49 8863 14 12904 26 15990 33 18600 3
2098 2 6702 33 8910 29 13026 27 15998 49 1H866 28
2182 41 5705 36 3910 39 13158 30 16204 15 18684 19
2283 39 6743 18 8927 3 13271 14 16204 30 18780 21
2322 9 6801 3 8986 30 13331 11 16236 8 18827 49
2391 35 6829 24 9282 42 13406 3 16&gt;Ô3 30 13874 28
2436 32 6869 37 9441 49 13419 18 16265 5 18895 b
2448 9 5896 29 94U2 8 13419 50 16270 46 18952 14
2456 7 5950 14 10010 15 13852 13 16432 33 19003 27
2: 02 1 5988 17 10025 13 13654 10 16536 39 19049 27
2585 40 6989 13 10129 16 18955 36 16633 19 19081 23
2568 37 6069 17 10145 12 14042 10 16785 22 19143 12
2601 43 6125 6 10152 35 14094 19 16831 4 19332 12
2826 14 H196 16 10295 25 14116 2 16574 10 19410 42
2990 15 6243 33 10414 33 14146 36 16878 21 19465 48
3140 34 6333 16 10474 37 14259 44 16895 12 19534 14
3149 23 6520 47 10495 21 14275 6 16972 1 19728 46
3507 4 6527 33 105 6 36 14280 27 17054 29 19746 12
32t&gt;7 15 6869 14 10565 27 14309 31 17220 1 2 19758 27
3354 13 6919 3 10805 45 143 8 33 17234 9 19«64 30
336* 12 6962 4 10886 22 14391 16 172H7 15 19896 29
3374 31 7022 37 1 0926 36 14513 44 17318 35
3616 7 7033 28 10968 46 14651 1 17365 36
8674 33 7057 23 10976 38 14594 82 17379 15
3762 1 7132 39 11031 41 14620 30 17386 42
Winneftu ismaķşa notiks tikai walst» bankas Pēterburgas kantori şahkot no 1. apriļa 1914. g.
Wmneftu ihpaşchneeki war şawas biļetes nodot weetelâs walẜts bankas eestahdês waj rentejàs aijşuhtişchanai
us Pēterburgu, bet ja grib naudu dabūt tuhliņ pehz
1. apriļa, tad lai eeşneedſ şawas biļetes tik agri, ka tàs nonahktu Pēterburgā pirms 15. marta.