Labas laimes lasitajeem!
Pehterburga 2. lanroar. Schodeen 18. minnestu wilkschana no pirmahs Sprozentu malfts aisleenefchanas biļetehm fchee numuri minnejufchi:
200.000 rubļ. fehrija 1643 Nr. 29. 75.000 „ 2440 24. 40.000 „ . 6257 „ 6. 25.000 „ 3491 „ 28. 3 roinnesti pa 10,000 rubļ.: fehrija 10575 Nr. 24.fehrija 3425 Nr. 27, fehrija 742 Nr. 33.
5 minnefti pa 8000 rubļ.: fehr. (16027) Nr. 11, (8457) Nr. 28. (5361) Nr. 2, (6556) Nr. 34. (17287) Nr. 24.
8 roinnesti pa 5000 rubļ: fehr. (3652) 28, (6355) 32. (18086) 43, (19289) 25, (11194) 39. (2638) 24. (13084) 48, (6924) 3,
20 roinnesti pa 1000rubļ.: fehr. (10566)34.(825) 44. (13428) 43. (5394) 7. (11696) 19. (15567) 43. (10745) 33. (8630) 4, (16859) 33. (12887) 36. (15605) 10. (15663) 26, (1052) 37. (5866) 12. (8942) 4, (6616) 6, (3086) 36, (2109) 8, (16351) 40. (3259) 15.
Pa 500 rubļ. winnestii (N8) 46, (134) 8, (259) 1, (288) 10, (386) 13, (408) 35. (446) 40, (456) 23, (468) 1. (542) 17. (612)
16. (687) 12. (779) 16, (851) 14. (959) 13. (971) 20. (989) 18. (1199) 12, (1212) 40. (1219) 23, (1233) 30. (1261) 45. (1286) 14 (1438) 37. (1443) 8. (1495) 32. (1855) 16. (1886) 28. (1888) 27. (1908) 47. (2038) 25. (2054) 41. (2105) 32, (2177) 41. (2529) 49. (2545) 21, (2564) 50. (2624) 49. (2690) 9. (2704) 41. (2744) 18. (2841) 15. (2926) 15. (2936) 7, (3062) 28. (3199) 1. (3276) 35. (3281) 13. (3424) 18, (3483) 36, (3507) 42, (3548) 13. (3549) 43. (3560) 31 , (3593) 5. (3612) 1. (4645) 44. (3701) 21. (3726) 46, (3808) 11, (3367)33. (3984) 37. (4299) 48. (4313) 42. (4337) 50. (4412) 30. (4625) 25. (4666) 6. (4693) 10. (4701) 13. (4708) 5. (5213) 31. (5226) 30. (5352) 41, (5533) 29. (5557) 6. (5659) 28, (5843) 14. (6090) 50, (6125) 43, (6309) 19, (6325) 20, (6412) 4, (6424) 45, (6477) 32. (6518) 23. (6616) 6. (6621) 14. (6732) 23. (6960) 44. (6998) 43. (7050) 29. (7132) 44. (7176) 1. (7181) 32. (7282) 50, (7290) 33, (7291) 26, (7299) 11, (7401) 31, (7472)
17. (7507) 19, (7815) 30. (7815) 35. (7887) 2. (7943) 12. (7948) 3. (7969) 38. (8015) 40. (8166) 6. (8170) 10, (8198)
34. (8237) 40. (8429) 23. (8700) 48. (8921) 26, (8934) 45, (9039) 1. (9047) 43, (9074) 14, (9198) 39. (9293) 40. (9442) 12. (9456) 45. (9515) 2. (9541) 37. (9548) 24. (9568) 36. (9572) 47. (9737) 47. (9862) 28. (9880) 12. (9899) 46, (10042)
35, (10202) 22, (10211) 26, (10476) 6, (10594) 29, (10692) 40, (10718) 7, (10743) 20. (10862) 11. ,11066) 24. (1/1067) 28, (11168) 37. (11287) 21, (11450) 45. (11508) 42, (11514) 40. (11567) 27. (11780) 40, (11795) 46, (11798) 29, (11823) 21. (11849) 38, (11931) 32. (11958) 38, (11974) 50, (12198) 20. (12271) 50. (12291) 44. (12296) 20. (12344) 24, (12382) 7, (12393) 19, (12465) 12. (12600) 50, l 12656) 37.(12724) 18, (12727)
7, (12762) 48, (12873) 39. (13012) 37, (13305) 42. (13315) 32. (13343) 20. (13475) 40. (13542) 7. (13582) 31, (13592) 17, (13819) 10. (13937) 36. (13986) 41, (14049) 4. (14242) 28. (14257) 25. (14384) 35. (14454) 3. (14541) 24. (14566) 27. (14683) 34. (14755) 25. (14768) 12. (14807) 40. (14835) 5. (14857) 29. (14912) 5, (14989) 36, (15087) 33. (15118)
45, (15144) 33. (15222) 27. (15224) 42, (15337) 44, (15372)
46. (15490) 7. (15532) 5. (15553) 16. (15706) 25. (15733) 40, (15755) 13. (15885) 33, (15895)43,(15925) 25.(15967) 10,(16067) 11, (16076) 24. (16289) 13. (16357) 44, (16493) 43. (16562) 23, (16660) 21. (16845) 6, (16938) 11. (17043) 5. (17066) 37. (17197) 22, (17253) 24. (17417) 23, (17447) 9. (17490) 26, (17663) 37. (17668) 18, (17722) 26, (17734) 45. (17768) 34. (17860) 10. (17891) 1. (17939) 22, (17941) 15, (18230) 32, (18266) 49. (18346) 3, (18384) 9. (18392) 16. (18456) 38, (18767) 48, (18994) 21. (19065) 37. (19101) 50. (19164) 19. (19253) 3. (19431) 45. (19590) 10. (19630) 7. (19819) 49. (19871) 46. (19898) 43, (19923) 33, (19936) 8.
Ismakfajamo un isdſehschamo biļetu numuri: 2762, 13839, 10438, 8327, 14452, 9395, 1666, 9952, 16393. 3327, 1236, 10080. 5331. 8286. 1735. 12075. 8807. 7658. 19134. 10378, 8425, 15613. 17668. 15612, 2125, 16728, 4181, 7867, 11773, 17952. 13950, 62, 5293, 15921, 10657, 359, 14794, 9876, 17505, 11457, 9114, 11, 703. 12950. 1715. 13034, 15524, 2008. 3794, 7627, 18829. 2809, 11056.