Winneztu liste.
11. eekşchsemeà 5 prozentigà prēmiju aisleenejuma no 1866.
g. 70. islosejumâ 1. martā sch. g. minnesti krita us şekoşchàm
biļetēm:
500 mbļu minnesti:
Ter. B. Şer. v. Şer. B. Şer. B. Şer. B.
15 35 3741 39 7769 50 11714 25 16029 21
63 10 3868 24 7821 10 11725 27 16048 3
111 27 3910 31 7933 35 11822 21 16275 29
197 12 3934 45 7938 43 11841 32 16396 46
200 15 4041 28 7964 12 11893 17 16426 17
200 28 4066 2 8026 4 12003 6 16459 39
274 20 4121 43 8031 36 12031 36 16469 23
308 38 4453 14 8036 17 12103 43 1661! 20
440 11 4512 10 8134 34 12112 14 16825 39
472 4 4887 35 8622 3 12115 17 16871 42
496 45 4902 3 8734 19 12161 4 17007 18
576 25 4904 47 8904 3 12234 2 17102 8
650 14 4980 38 8911 7 12275 43 17213 15
Ter. B. Ser. B. Şer. B. Ger. B. Şer. B.
660 24 5005 15 9057 4 12354 23 17367 50
775 25 5108 28 9085 37 12369 37 17383 24
811 3 5167 6 9104 12 12549 46 17442 31
976 10 5272 17 9124 7 12594 31 17471 44
1071 2 5280 21 9124 32 12644 4 17654 17
1107 45 5291 4 9188 40 12712 16 17672 17
1122 18 5380 35 9292 17 12739 3 17756 25
1364 49 5394 9 9370 20 12922 45 17783 38
1433 36 5603 4 9398 39 13017 10 17788 39
1447 37 5765 40 9524 38 13300 50 17866 17
1576 43 5879 34 9556 21 13439 8 17937 8
1773 1 5929 38 9606 35 13568 26 18020 49
1794 20 5952 16 9741 5 13568 50 18113 22
1883 33 5989 33 9801 19 13639 7 18142 36
1944 1 6185 12 9990 5 13714 34 18344 40
2024 18 6193 24 10150 5 13769 49 18368 38
2124 21 6211 5 10248 3 13802 49 18382 1
2281 42 6212 41 10356 42 13958 47 18456 27
2417 1 6536 47 10427 28 14108 22 18656 29
2497 22 6679 12 10507 12 14142 10 18764 8
2577 24 6737 35 10577 10 14201 18 18800 24
2582 49 6740 10 10643 26 14566 I 18800 31
2896 22 6769 45 10713 45 14701 7 18808 10
2971 II 6857 48 10736 34 14768 29 18932 47
2974 7 6867 14 10792 23 14783 7 19014 42
2985 13 6970 47 10901 42 14814 31 19081 46
3083 46 7050 23 10912 12 14892 II 19106 24
3086 40 7094 41 11067 5 14947 38 19138 46
3105 18 7145 33 11148 23 14960 2 19141 42
3131 30 7216 47 11149 1 15267 32 19247 11
3136 32 7324 26 11182 48 15279 15 19270 2
3282 14 7325 19 11214 27 15367 36 19280 27
3480 14 7415 39 11392 6 15525 15 19347 4?
3484 25 7483 35 11407 13 15587 47 19351 11
3509 24 7496 43 11421 42 15777 7 19481 42
3544 10 7597 3 11516 37 15781 25 19561 32
3549 45 7600 11 11552 6 15809 47 19591 50
3636 26 7697 12 11620 26 15810 6 19923 29
3660 29 7747 16 11660 12 15859 6 19961 46
Kopā 300 minnestu par 60.000 rubļeem.
Amortisetas (isnihzinatas) tika sekoschas sērijas no 1866. g. aisleenejuma:
Şeriju nummuri.
116 1620 5392 8512 12947 15178 17952
154 1772 5486 8686 12999 15247 18001
169 2029 5596 9007 13026 15449 18025
248 2063 .5640 9819 13135 15498 18068
380 2292 5696 9903 13245 15662 18119
408 2300 6035 9918 13250 16237 18166
508 2320 6037 10029 13344 16379 18337
648 2874 6115 10133 13484 16492 18611
779 3059 6120 10234 13764 16527 18640
815 3364 6301 10295 13913 16575 18751
844 3453 6334 10514 13938 16796 18824
910 3501 6571 10702 13961 16870 18980
927 3578 7334 11028 13982 16984 19148
1027 3956 7451 11426 14370 17013 19290
1171 4548 7589 11610 14378 17286 19364
1193 4863 7674 12215 14501 17290 19919
1292 4923 7823 12318 14541 17522
1341 5016 7872 12343 14597 17633
1366 5300 7886 12461 14793 17797
1417 5319 8105 12753 14873 17923
1476 5382 8468 12826 15082 17930
Pawiẜam 142 serejas (7100 biļetes) par 923.000 rbļ.