Labas laimes lasitajeem!
Pehtcrburgâ, 3. Merzâ. Şchodeen. 42. reiſ islosejot otro 5 prozentu prehmiju &lt;!isleeņu, tvinnesti krita us şchahdeem nummureem: 200,000 rubļ. us Nr. 16.690—4. 75.000 „ „ „ 9.499—46. 40.000 . . . 97—4.
25 000 14 908 23
3 winnesti à. 10.000 rubļ. us Nr. 28—43. 7987—32. 13981—37. 5 winnesti à 8000 rubļ. us Nr. 874—8. 17343—30. 208—23. 17582—48. 10405—41.
8 winnesti à 5000 rubļ. us Nr. 16585—34. 18618—7, 7829— 36. 2598—44, 16076—14, 13143—34, 5149-34. 9821—42.
20 winnesti à 1000 rudļ. us Nr. 6403—49, 7569—25, 18345 —28, 4632—37, 3501—5, 7012—43, 9911—27. 1438—41. 11804 -8. 12921—43, 1955—46. 16063—50. 7170—10. 11879—39. 8093—14, 4791—20, 11970—1. 5502—32. 1093—32. 16730—38.
Winnesti à 500 rubļ.
şehr. biļ. şehr. biļ. şchr. biļ. şehr. biļ. şehr. biļ.
19 1 4449 39 8921 18 13064 43 16369 41
98 24 4774 3 8954 22 13138 14 16509 24
340 26 4778 22 9047 35 13147 18 16549 41
346 1 4780 17 9187 25 13230 34 16553 37
413 26 4893 43 9386 25 13291 14 16589 22
549 45 4899 8 9517 30 13335 28 16601 30
695 13 4948 22 9569 35 13382 29 16612 12
701 31 5025 23 9717  13420 39 16705 38
715 49 5088 49 9756 25 13463 5 16771 45
849 37 5275 11 9792 19- 13506 33 16842 46
976 2 5284 40 9971 45 13536 43 17031 43
1243 13 5319 46 !0029 20 13798 4 17061 5
1284 11 5534 40 *  43 1Z833 40 17152 9
1311 41 5633 17 10170 20 13884 2 17221 35
1380 19 5672 18 10249 25 13957 17 17344 21
1420 4 5690 23 10353 18 14033 12 17403 48
1786 18 5713 47 10372 8 14063 17 17467 7
1857 19 5784 33 10375 I I 14165 33 17471 7
1968 16 5788 21 10568 27 14168 14 17479 13
2042 5 5841 33 10699 24 14182 8 17493 40
2046 30 5986 30 10716 25 14208 3 17537 28
2067 31 6013 31 10811 28 14413 21 17545 24
2122 36 6105 31 10873 42' 14420 48 17625 34
2212 38 6214 6 10941 21 14467 8 17626 2
2287 26 6304 34 11170 42 14491 30 17729 20
2328 14 64Z7 47 11218 36 14513 17 17773 49
2333 45 6449 26 11219 8- 14513 39 17792 5
2533 6 6649 17 11281 18 14521 38 17913 46
2856 6 6812 49 11383 35 14703 38 17947 23
2919 39 6939 14 11459 2 14913 18 18076 42
2924 5 7007 49 11475 8 14950 33 18232 20
2955 18 7032 23 11591 3! 15005 20 18264 46
2985 27 7034 50 11774 46 15007 45 18303 3
3022 30 7052 15 11809 27 15067 18 18433 23
3210 49 7390 38 11851 41 15093 Z? 18433 2 6
3445 27 7424 3 11867 44 15155 34 18498 42
3493 1 7430 23 11917 29 15187 16 18579 6
3507 42 7486 23 12120 1 15299 26 18633 44
3608 1 3 7698 39 12148 16' 15361 6 18685 5
3641 27 7812 25 12197 8 15451 41 18833 39
3765 23 7819 47 12204 16 15568 36 19074 4
3861 23 7977 36 12268 26 15805 34 19164 37
3916 50 8045 43 . 12343 43 15822 25 19196 12
4038 47 8166 4 12444 45 15955 7 19444 50
4045 43 8378 23 12459 12 1604 6 4 19461 28
4164 50 8401 37 12463 47 16061 45 19570 14
4166 34 8602 7 12569 1 16087 39 19708 48
4187 18 8674 26 12615 35 16256 7 19744 12
4271 49 8782 4 12643 16. 16278 28 19749 17
4317 26 V7tt7 31 12712 33 16280 4 19796 36
4418 16 8842 33 12967 24 16331 42 19993 23
Jsnihzinatas tika şchahdas 82 şehrijas:
9, 199. 255. 838, 1182. 1212. 1317. 1562, 1640. 1830, 2051. 2125. 2215. 2890. 3063. 3156. 3278. 3347, 3432. 3519. 3557, 3824, 3880. 4239. 4550, 4886. 5496. 5877, 5994, 6236. 6298. 7152. 7159, 7160. 7473. 7502. 7558. 7989. 8814. 8995. 9131. 9566. 10.235, 10,307. 10.320. 10.418. 10.574. 10.724. 10.744. 10.763.11,194, 12,266. 12.353. 12.473, 12,636. 12.879. 13.157.13,310. 13.313.13.424. 14.103.14.125. 14.144, 14.185. 14.706. 14.794, 15.294, 15.509. 15.654, 16.496. 16. 544.16.854.17,673, 17.697.17.865. 17,987.18.031, 18.657. 18,739, 19.447, 19,763, 19,804.