Labas laimes lasitajeem!
Pehterburgà, 2. Zanwarî. Şchodeen. 51 reiſ islosejot pirmo 5-prozemu prehmiju aisleeņu, winnesti krita us şchahoeem nummureem: 200.000 rubļ. us şehriju 10.078 Nr. 24. 75.000 . . . 17.114 . 23. 40.000 . . . 1.390 . 28. 25.000 ... 862 . 20.
3 winnesti à 10.000 rubļ. us şehriju 8975 Nr. 16. şehr. 14.208 Nr. 9. şehr. 16.157 Rr. 27.
5 wiunesti à. 8000 rubļ. us şehr. 12.308 Nr. 7. şehr. 13.170 Rr. 50. şehr. 13.729 Nr. 42. şehr. 14.150 Nr. 46. şehr. 17.212 Rr. 18.
8 winnesti 5000 rubļ. us şehr. 4682 Nr 17. şehr. 6961 Rr 17.
şehr. 9682 Nr 28. şehr. 13.869 Rr. 10. şehr. 14.578 Nr. 9. şehr.
15.294 Nr. 41. şehr. 18.576 Rr7 4. şihr. 19.491 Nr 43.
20 winnesti k 1000 rubļ. us şehr. 343 Rr. 14. şehr. 1076 Nr. 16. şelir. 2515 Nr. 20. şehr. 3211 Nr. 33. şehr. 3845 Nr. 16. şehr. 5339 Nr. 47 fehr. 7007 Nr. 37. şehr. 7984 Rr. 41. şehr. 8482 Rr. 7. şehr. 8567 Nr. 30. şehr. 9297 Nr. 4. şchr. 9890 Nr. 41. şehr. 9W3 Nr. 31.
şehr. 11.739 Rr. şehr. 13.968 Rr. 45. şehr. 14.793 Nr. 29. şehr. 15.592 Rr. 7. şehr. 15.643 Rr. 38. şehr. 15.713 Nr. 28. şehr. 17.801 Nr. 3.
Winnesti pa 500 rubļeem.
sehr. biļ. şehr. biļ. şehr. bit. şehr. biļ. şehr. biļ.
39 19 4.304 39 8.16 1 27 11,919 31 15,202 5
55 48 4,361 48 8.301 30 11.961 26 15.312 31
74 21 4.446 5 8.363 29 12.025 38  23
78 36 4.450 39 8,457 11 12.102 27 15.501 41
97 48 4.496 19 8.483 30 12.106 49 15.607 11
484 l 9 4.629 4 8.488 23 12.134 14 15,652 38
551 8 4.629 10 8.561 8 12.272 44 15.655 6
719 9 4.639 24 8.615 6 12,357 22 15,707 15
733 15 5.004 38 8,636 36 12,484 8 15,892 14
760 44 5.012 48 8,781 16 12.610 4 15.953 36
832 39 5.056 2 8.825 2 12.613 12 16.088 40
890 36 5,170 38 9,005 27 12.655 12 16.169 38
912 29 5.190 28 9,052 12 12,655 25 16.373 49
963 16 5.273 46 9,120 23 12.737 2 16.455 17
1,091 50 5.348 8 9.126 7 12.750 6 16.474 19
1.266 25 5.534 41 9.221 32 12.917 8 16,780 37
1.4&gt;6 46 5,713 21 9.386 21 12,969 10 16.966 33
1.543 21 5,783 41 9,399 48 13.275 17 16,967 20
1.545 3 5.829 10 9,505 20 1 3,347 47 1 6,984 I
1,628 21 5.855 44 9.544 25 13.354 48 17,034 19
1,712 42 5.904 35 9.609 32 13.518 32 17.064 45
1,895 35 5,952 3 9.647 49 13.527 18 17.141 11
I. 993 45 6.005 2 9.659 48 13.543 30 17,363 10
2.136 1 6.054 23 9.699 15 13,581 30 17,463 4 2,200 40 6.179 29 9,838 8 13,615 30 17.591 5 2,227 28 6,271 8 9,956 18 13.690 34 17,610 33 2.343 31 6,322 I I 9,963 I 13,693 13 17,719 22 2.583 44 6,366 16 10.062 8 13,729 10  30
.»d 33 6,439 46 10.100 47 13.835 7 17.853 6
2,862 18 6.526 16 10,260 27 14.020 5 17.882 38
2.631 6 6.625 44 10.404 3 14.113 3 17.989 46
2.943 14 6,738 42 10.423 16 14,153 39 18,019 5
3.01s 26 6.779 17 10.455 4 14.160 44 18,128 23
3,056 42 6.734 5 10.612 5 14.319 48 18.165 47
3.137 3 6,959 11 10,618 34 14.388 47 18.184 23 3.146 14 7.000 10 10,668 25 14.439 38 18.303 43 3.153 18 7.004 50 10.751 44 14,441 6 18.304 7 3.203 19 7,015 4 10.754 1 14.472 14 18.343 2 3.278 17 7.065 35 10.791 8 14.580 48 18,354 20 3.288 50 7.085 9 10.965 21 14.629 12 13.512 25 3.294 32 7.237 3 10.975 49 14.656 29 18.534 22 3.357 49 7.245 7 11,039 9 14.740 38 18.553 8 3,384 7 7.400 49 11.266 28 14.760 32 18,759 12 3,424 26 7.498 6 11.309 46 14.809 22  27 3.445 20 7.503 49 11.334 26 14.829 42 18.874 39 3,719 48 7,512 28 11.400 3 14.633 43 19.047 41 3,795 7 7,523 41 11,413 21 15.041 31 19.426 16 3.825 32 7,330 27 11,530 19 15.060 39 19,483 37 3.N91 26 7.830 28 11,665 13 15,097 44 19.826 47 4,032 15 7.900 30 11.721 36 15.120 36 19,961 2 4.209 I 7.940 45 11.813 38 15.140 23 19,966 3 4.230 50 8,026 50 11.906 21 15,169 5 19.997 33
Jsnihzinatas tapa şchahdas 96 fehrijas:
78. 194. 596. 1045. 1322. 1479. 1602. 18S0, 2383. 2494. 3508. 3929, 3982. 4222. 4318. 4325. 4384. 4673. 4701. 4808. 4851. 4941. 5261. 5383. 5515. 5800. 5951, 6311, 6361. 6857, 7113, 7189. 7294. 7333. 7528. 7549. 7654. 7942. 7971. 8335. 8545. 9077. 9611. 9614. 9676. 10.193. 10.373. 10.998. 11.113.
11. 161. 11.261. 11.300. 11.325. N. 514. 12.046. 12.069. 12.348. 12,737, 12.934. 12.980. 13.151. 13.179. 13.313. 13.576. 14.168. 14.576. 14.622. 14.684. 14.997. 15.046. 15.088. 15.134. 15.219. 15H97. 16.018. 16.080. 16.394. 16.401. 16.620. 16,764. 17.15&gt;6.
17.249. 17.287. 17.449. 17.595. 17.850. 18.030. 18.105. 18.438. 18.647. 18.754. 18.919. 19.444. 19.595. 19.733. 19.778.