Labbas laimes lassitajeem!
Pehterburga 1. Merz. Schodeen 14. winnestu milkschana no ohtrahs sprozentu walsts aisteenefchanas biļļetehm ẜchee numrnuri tvinnejuschi:
200,000 rubļ. sehrija 15709 Nr. 20, 75,000 „ „ 11811 „ 32, 40,000 „ „ 8875 „ 28, 25,000 „ „ 19747 „ 45. 3 winnesti pa 10,000 rubļ.: sehrija 19311 Nr. 26, sehrija 12147 Nr. 49, sehrija 2197 Nr. 5.
5 winnesti pa 8000 rubļ.: sehrija (1403) Nr. 10, (11301) Nr. 19, (226) Nr. 7, (5805) Nr. 43, (12788) Nr. 15.
8 rvinnesti pa 5000 rubļ.: sehr. (1482) Nr. 38, (7445) Nr. 15, (14980) Nr. 1, (11750) Nr. 4, (4550) Nr. 33, (11622) Nr. 49 , (3773) Nr. 5, (4207) Nr. 20.
20 minnesti pa 1000 rubi.: (15425) 20, (3785) 21, (6112) 9, (1795) 3, (15819) 34, (10334) 7, (5662) 32, (7261) 38, (1482) 34, (10785) 12, (6210) 46, (6667) 31, (17691)
11, (4071) 27, (7804)3, (13709) 18, (16009) 14, (1973) 8, (11563) 9, (7548) 12.
Pa 500 rubļ. rvinnesti: (19395) 44, (12289)48, (1395) 26, (18880) 10, (480) 25, (12922) 26, (1516) 29, (5199) 40, (12898) 34. (1235) 49, (7465) 45, (13871) 18, (1241) 20, (10908) 28, (17611) 18, (10113) 10, (15839) 28, (11132) 41, (19809) 4, (19026) 15, (3671) 29 , (9958) 27, (1580)6. (4938)36, (17834)23, (1366)38, (8874)2, (1339) 20, (15026) 24, (3017)44, (17001) 42, (10383) 6, (14050) 43, (16497) 28, (12185) 6, (19243) 36, (15414) 3, (14678) 13, (2527) 10, (4685) 25, (3421) 7, (12094) 35, (415) 32, (5290) 14, (2840) 6, (7875) 1, (11398) 50, (3970) 2, (11350) 3, (14110) 17, (14607) 6, (7717) 49, (14839) 3, (12000)
25, (2878) 21, (10142) 5, (16355) 28, (13584) 7, (17882) 3, (5314) 33, (4615) 46, (12297) 13, (14362) 22, (11647) 2, (7390) 1, (14150) 1, (16846) 26, (16629) 38, (19017) 30, (15300) 1, (12095) 32, (14799) 13, (6894) 10, (17956) 8, (2250) 16, (4833) 37, (19350) 12, (8486) 48, (5173) 38, (3931) 24, (18190) 25, (18220) 7, (4527) 3, (17982)
12, (2166) 19, (1499) 25, (6764) 36, (10513) 21, (5153) 50, (5428)32, (15423) 43, (9218) 36, (15165)39, (12318)
26, (5910) 32, (9149) 23, (9915) 2, (12828) 7, (4236) 47, (238) 34, (5066) 19, (12932) 4, (7080) 16, (17358) 14, (16623) 22, (1579) 2, (3782) 45, (2532) 15, (3835) 15, (19045) 4, (997) 48, (3979) 46, (18526) 38, (8765) 27, (3946) 32, (8368) 13, (4043) 9, (176) 28, (14931) 38, (2949) 18, (1769) 40, (11302) 22, (7535) 3, (17803) 30, (9655) 13, (16394) 24, (12105) 1, (11345) 27, (9772)27, (1588) 24, (10494)3, (7095) 5, (19617)4, (4319)8, (7997) 24, (15896) 9, (5695)20, (8125) 29, (15196) 37, (3193)
19, (11768) 12, (3467) 14, (9650) 18, (15749) 31, (5215) 18, (17905) 19, (1129) 2, (11640)27, (4093) 30, (5109) 30, (16931)30, (17880)27, (14502)7, (18254)24, (13804) 29, (12704) 25, (13185) 34, (18363) 7, (16932) 32, (16286)
20, (19248)49, (15325)40. (7806) 39, (19021)7, (14391) 46, (17678) 36, (14579) 24, (13446) 32, (2559) 26, (1685) 17, (7652) 30, (17174) 28, (18682)9. (16036) 41, (7250) 7, (16891) 3, (6314) 8, (6845) 49, (2401) 25, (3708) 29, (9319) 50, (4711) 41, (561) 15. (17194) 47, (14690) 2, (2170) 42, (5335) 33, (15949) 29, (6500) 35, (19850) 5, (15988) 41, (12759) 6, (6553) 19, (14647) 44, (1344) 12, (6848) 45, (13753) 44, (7888) 5, (9620) 34, (16235) 7, (15688) 38, (7616) 22, (16779) 29, (2030) 12, (3681) 43, (496) 28, (6992) 45, (15237)41, (9563) 34, (5371) 45, (18381) 35, (7867) 44, (3517) 5, (19345) 10, (15996) 24, (7336) 13, (13418) 32, (18205) 34, (11113) 31, (3519) 24, (6659)31, (15262) 17, (6672)47, (11440) 12, (10940)
27, (12611) 3, (2469) 35, (14689) 48, (6941) 38, (1832)
13, (16447) 8, (13414) 6, (1403) 18, (10556) 31, (15283) 16, (10209) 14, (2987) 40, (5496) 6, (1717) 18, (19109) 6, (19882) 6, (4045) 22, (8227) 9, (10943) 12, (2078) 45, (11498) 10, (15440) 22, (7993) 2, (16276) 31, (15393) 7, (7363) 24, (11747) 45, (7391) 2, (16237) 27, (10454) 33, (7091) 9, (14745) 7, (17101) 40, (18922) 17, (17181) 40.
Jsmaksajamo un isdſehfchamo biļļetu nummuri: 2676, 2418, 6501, 4677, 13524, 1530, 6032, 6323, 681, 152, 3763, 3935, 15440, 872, 7249, 12342. 12293, 12766, 4885, 18121, 9352, 479, 17747, 5415, 8955, 6033, 13724, 17053, 10971, 11529, 2009, 12892, 15825, 11325, 3171, 5858, 1633, 6775, 19126, 3352, 156, 9379, 14086, 12152, 17723, 12671, 12596, 14334. –