Labas laimes lasitajiem!
(Lielakos vinnestus. no 200.000 līdz 1000 rubļ.. skat. 36. nummura .Visjaunākās ziņās'.)
Vinnesti. katrs 500 mbļ.
sēr. biļ. sēr. biļ. sēr. biļ. sēr. biļ. sebr. biļ.
IKV 50 4123 24 8045 40 11567 2C 15425 49
313 46 4145 40 8050 13 11688 22 15430 46
357 2 4179 5 VOB3 44 11692 6 15456 33
369 25 4230 17 8112 33 11773 27 15468 14
394 20 4258 26 V 212 13 11782 2 15654 20
397 18 4312 5 8-39 13 11970 27 15784 45
524 9 4379 11 8321 5 12072 48 15811 31
534 39 4444 8 8403 40 12238 3 15819 15
759 39 4462 22 8454 42 12238 8 15851 20
832 50 4550 13 8473 47 12274 8 15882 19
851 38 4639 5 8506 13 12299 8 15V9 42
885 2 4671 33 8692 39 12324 38 15958 22
925 22 4692 46 8811 23 12343 1 16405 16
958 36 4900 16 8913 42 12464 29 16592 50
966 10 4957 29 9080 1l 12678 47 16812 21
1153 33 4968 49 9141 25 12855 42 16839 4
1262 11 4993 9 9253 38 12864 28 16948 6
1299 20 5003 46 9353 15 129V0 11 16973 33
1312 38 5061 33 9354 28 12993 41 17012 8
1319 36 5114 35 9410 37 13121 5 17041 10
1522 16 5211 48 9483 18 13214 35 17055 27
1622 20 5223 46 9549 38 13301 21 17096 17
1682 38 543ļ 3 9652 49 13358 32 17164 10
1706 40 5451 29 9693 31 13368 21 17345 35
1732 6 5475 44 9720 4 13425 14 17721 5
IVI4 15 5739 33 – 9746 49 13659 36 17852 50
2320 11 5867 5 9805 26 13676 45 17876 25
2380 48 6007 19 9964 19 136 V 48 17887 15
2457 44 6045 27 10037 16 13749 46 7990 46
2487 18 6050 46 10065 29 13751 25 18205 5
2509 45 6160 37 10100 21 13756 15 18229 10
2511 46 6190 37 10178 40 13759 40 18247 29
2536 23 6207 47 10246 22 13760 40 18248 48
2657 50 6366 10 10249 16 13830 14 18384 41
2753 31 6745 8 10261 27 13995 8 18431 23
2875 14 6755 18 10432 31 14032 3 18551 48
2882 21 6763 47 10570 7 14163 14 18661 14
3075 29 6798 11  39 14175 28 18747 5
3252 31 7022 33 10650 41 14188 48 18816 17
3407 46 7099 1 10654 21 143u6 24 18918 43
3440 3 7227 43 10678 10 14530 36 1V962 11
3452 10 7504 46 10876 1 14666 18 19037 47
3502 24 7538 18 10974 18 14696 33 19091 46
3508 30 7557 35 10978 6 14724 22 19128 38
3649 24 7575 35 11134 32 14775 2 19173 3
3650 48 7597 10 11197 17 14868 8 19566 19 3716 41 7636 1 11228 34 14924 38 19755 48 3744 2 7674 14 11311 37 14974 10 19774 38 3839 15 7697 19 11392 14 15008 11 19813 23 3926 38 7744 34 11400 43 15013 41 19819 26 3986 29 7890 34 11405 49 15234 32 19839 4  32 7914 46 11554 29 15351 22 19844 16
Jsnīcinatas tapa šādas 76 sērijas:
171. 184. 459. 486. 583. 818. 907. 1814. 1815. 2043. 2504.
2726. 3534. 3750. 3796. 3804. 4257. 4494. 4683. 5154. 5310.
6368. 6547. 6625. 7060. 7712. 7731. 8005. 8287. 8453. 8562. 8924.
9&gt;27. 10163. 10232. 10326. 10671. 11368. 11436. 11581. 11607. 11640. 12196. 12287. 12386. 12870. 13255, 13392. 13507. 13550. 13750. 13880. 14270. 14577. 147,2. 14894. 14993. 15789. 15988. 16215. 16232. 16289. 16339. 16384. 16485. 16586. 16706. 17743. 18006. 18227. 18566. 18582. 18642. 18723. 19682. 19734.