Labas laimes lasitajiem!
(Beigums.)
Vinnesti pa 500 rubļiem.
sēr. biļ. sēr. biļ. sēr. biļ. sēr. biļ. sēr. biļ.
43 5 3,997 16 7,733 50 10,771 16 15,340 20
95 7 4,004 11 7,850 40 10,997 6 15,390 16
113 35 4,023 7 7,860 6 11,057 35 15,403 31
161 26 4,044 34 7,863 12 11,157 26 15,459 38
241 24 4,155 45 8,020 47 11,190 6 15,684 34
269 36 4,162 15 8,072 50 11,585 29 15,716 44
284 43 4,266 13 8,087 6 12,123 43 15,833 6
318 23 4,319 35 8,129 29 12,124 31 15,959 2
321 20 4.483 41 8,139 20 12,181 21 16,202 8
602 10 4,559 48 8,160 14 12,249 49 16,506 17
615 6 4,621 50 8,234 21 12,320 27 16,560 11
708 29 4,672 38 8,296 45 12,348 20 16,608 25
738 40 4,763 44 8,497 47 12,395 16 16,610 6
972 27 4,768 10 8,511 31 12,551 9 16,640 14
972 34 4,795 49 8,565 43 12,597 18 16,750 35
984 11 4,812 31 8,656.17 12,967 44 17,005 22
990 43 4,969 41 8,691 37 13,212 1 17,054 8
992 18 5,009 25 8,710 29 13,221 50 17,113 7
1,025 25 5,111 50 8,991 21 13,368 3 17,208 12
1,073 45 5,157 26 9,020 18 13,422 45 17,216 27
1,184 26 5,189 40 9,067 6 13,429 9 17,257 9
1,219 16 5,329 2 9,103 2 13,576 17 17.306 21
1,272 15 5,346 45 9,164 29 13,596 9 17,327 16
1,327 25 5,354 16 9,237 22 13,629 11 17 425 1
1,476 2 5,409 35 9,241 18 13,674 23 17,518 12
1,664 20 5,434 19 9,321 22 13,681 25 17,573 42
1,689 34 5,510 23 9,335 13 13,692 14 17,677 27
1,732 1 5,574 10 9,344 41 13,734 20 18,078 46
1.930 3 5,619 26 9,368 22 13.737 44 18 104 46
2,204 23 5,666 36 9,383 30 13,777 30 18 192 32
2,225 6 5,869 49 9,384 18 13,833 37 18,332 39
2.385 13 5,950 39 9,387 28 13,836 21 18 370 12
2,547 43 6,006 20 9,486 34 13 881 36 18527 47
2.712 29 6,020 49 9,598 3 13,910 45 8 653 25
2,743 1 6,220 23 9,634 23 13 956 23 8 684 34
2,763 44 6,243 38 9,657 24 14 005 30 18 722 29
2.815 20 6,277 6 9,738 19 14 126 14 8 745 47
2,833 24 6,280 40 9,760 33 14,157 27 18 745 48
2,838 25 6.367 41 9,781 34 14,337 18 8 869 40
2,967 38 6,381 7 9,782 1 14 375 8  29
2,978 9 6,384 35 9,801 28 14 454 18 9 097 45
3,087 34 6,491 14 9,817 46 14 679 38 19 107 20
 lī M Ņl7 14,857 2  20
 Ş 8 14,920 27 19.256 20
3,339 3 6,940 31 10,048 13 15,076 27 19 349 1
 15M710 Ņl9 22
3,660 20 7,340 7 10,273 33 15,078 23 19 550 8
 15M0 11 A,566 4
C,831 44 7,445 23 10,596 45 15.164 40 19 701
C,860 22 7,465 1 6 10,647 17 15,165 47 9 741 50
C,947 22 7,534 15 10,694 48 15,237 16 9927 25
C,990 7 7.667 38 10,735 8 15 293 40 9,949 16