Tirdcneeciba.
IS6". gada n. iekšejais 5 proc.
prēmiju aizņēmams. 2. septembri, pie 1866.
gada 11. iekšejā 5% prēmiju aizņēmuma amortisacijas izlosetas šādas serijas:
18 2199 4323 6640 9070 11im"9 13071 15170 17816
57 2264 4354 6812 9182 11048 18131 15304 17974
75 2316 4408 6840 9140 11092 13136 15468 18036
117 2561 4414 6901 9148 11153 13-C37 16506 18087
180 2600 4462 6906 9237 11224 13349 15590 18157
183 2617 4679 7287 9308 11294 13368 15843 18170
191 2848 4625 7403 9487 11417 13391 15892 18263
198 2868 4884 7414 9526 11584 1 3580 15917 1-294
214 2872 4920 7452 9529 11602 13622 16064 18298
230 2905 4970 7510 954" 11636 186*0 16138 1H549
404 2948 4998 7515 9639 11645 137 8 16206 18838
418 2957 5055 7528 9808 11678 13778 16212 19066
582 3039 5135 76"4 9917 11779 18792 16*55 19110
60 1 3051 5220 7633 9929 11799 1379 i 16277 19843
652 3226 5256 7660 9946 11804 13796 16308 19270
851 3316 5279 7689 10017 11814 13863 16461 19306
860 3328 5297 7717 10028 11818 13878 16522 193*1
861 3337 5331 7741 10114 11939 13886 16 79 19446 985 3371 5617 7769 10127 11993 13593 16719 19509
1029 3419 6627 77.4 10159 12053 13912 16754 19528
1098 3696 5566 7967 10313 12111 13915 16767 19539
1137 3659 5586 8232 10244 12120 13989 16H04 19619
1205 3769 5652 8288 10239 12251 14052 16986 19668
1215 3786 5678 8314 10330 12329 14120 17038 19771
1217 3789 5879 8336 10416 18398 14121 17054 19826
1219 3813 6982 8373 10456 12426 143 6 17076 19862
1272 8849 6162 8389 10507 12581 14352 17085 19876
1411 3888 6208 8568 10SN 12636 14467 17108 19903
1607 3906 6314 8602 10539 12680 14463 17159 19921
1650 8946 6374 8688 10649 12746 14591 17242 19933
1663 3982 6386 8930 10677 1275,9 14628 172ti9 19946
1771 4166 6416 8950 10716 12778 14661 17340 19947
1823 4170 6457 8981 10797 12812 14807 17355
1832 4172 6629 9001 10830 12868 14861 17366
1946 4191 6538 9048 10343 12884 14889 17385
2144 4294 6640 9056 10914 12927 14960 17417
Pavisam 320 sērijas (16000 biļetes), kuru
kopēja mērtiba ir 2,240,000 rbļ. Pie amortisacijas izlosetas biļetes izpērkamas sākot no 2.
decembra š. g. par 140 rbļ.