Labas laimes lasitajiem!
Pēterburgā, l. Mercā. Şchodien pie otrās 5-proc. iekšķigās prēmiju aīslieņas 38. izlosešanas vinnesti krita uz šādiem
nummuriem:
200.000 rubļ. uz Nr. 1014—25. 75.000 ... 7139—27. 40.000 . . , 14.847—30. 25.000 . , . 13.134—15.
3 vinnesti ā 10.000 rubļ. uz NNr. 14.098—42. 11.383—20. 12,359—22.
5 vinnesti ā 8000 rubļ. uz NNr. 6084—43. 1235—27. 17.262 —26, 8292-24. 11.292—25.
8 vinnesti ā 5000 rubļ. uz NNr. 10.401—41. 4623—41. 4495 — 19. 14.986—45. 15.504—46. 12.762—47. 7912—38. 1914—28.
20 winnesti ā 1000 rubļ. uz NNr. 8279—14. 4268—24. 6050 —21. 1441—42. 12.140—19. 8325—13. 16.846—1 i. 17.914—46. 18.010-32. 17.603—36. 692—10. 11.208-39. 16.914-8. 7056 —37. 128-26. 18.852—23. 16.699—37. 4701—5, 1502-32.
7250—18.
Munesti. katrs 500 rubļ.
sēr. biļ. sēr. biļ. sēr. viļ. sēr. biļ. sēr. biļ. 28 14 3985 14 7964 23 ,2688 11 16022 23
105 6 4195 22 8051 16 ,2705 15 16029 33
116 38 4271 45 82,5 35 ,2805 , I 16039 41
,45 I 4320 24 8305 3, ,2927 34 16198 49
241 38 4332 9 8402 7 ,2998 4 ,63,2 47
536 ,9 4336 42 8510 42 ,3070 27 ,6330 49
558 13 4373 ,6 8630 3 ,3093 49 16387 25
572 46 4732 40 8659 39 13,50 ,4 ,1;C97 39
579 24 4834 32 8753 ,7 ,3,51 2, ,6406 36
602 20 4866 23 8958 15 N'.KIz .. t ,6479 40
6,8 25 4949 5 8966 9 U'._&gt;B7 30  7
663 ,4 5,08 20 9,55 23 13,'., 8 ,"82, 50
759 50 5,44 8 9257 8 ,3508 24 ,69,4 7
807 40 5,85 3 9569 ,1 ,3611 ,8 ,6974 39
812 3, 5254 16 9589 24 ,36,7 49 ,7027 16
870 9 5303 50 9651 40 13642 4 ,7240 43
,025 10 55,4 1 9766 9 13648 20 ,7260 34
,178 22 55,7 9 9779 39 ,3740 35 ,7390 22
1302 23 55,9 18 9844 34 ,3864 3 ,7 138 9
,3,3 8 56,8 32 IOOCB 13 ,3956 ,4 ,7497 V ,366 8 5693 27 ,0052 46 13971 33 17576 20 1412 22 5760 3, ,0,68 ,8 ,4065 24 17590 16 151, 43 5770 46 10,74 21 14161 39 ,7634 42 ,703 49 5787 2 104,8 ,3 142,6 28 ,7635 1 1835 3 5788 9 ,052, 44 14219 27 ,772, 40 2205 8 58,4 ,9 10644 35 14226 44 17794 48 231, 3, 5932 15 10672 1 14233 32 ,8,17 50 2391 22 5971 29 10728 3 14269 10 18,45 2 2400 27 6022 3 10804 30 14290 25  43 2482 7 6087 38 10848 30 14457 44 18272 41 2575 2 6090 32 11146 32 14658 8 18274 14 2649 49 62,4 2 ~206 2 14677 39 18403 30 2742 44 6242 33 1,255 38 ,4754 ,2 ,8444 19 2869 31 6250 44 ~259 40 ,4754 34 18586 13 2880 14 6440 17 11368 10 148,0 ,9 18685 3 29,6 8 647, 40 1,450 9 14846 33 ,8756 2 2956 15 6674 11 1,486 18 ,487, ,3 ,8777 32 3063 34 6932,8 11564 5 14876 38 ,8862 4 3,23 43 6962 45 11614 39 14968 47 18903 25 3,87 15 7283 45 1,629 23 15023 42 ,8971 42 3,95 37 7298 4, 1,654 46 15058 6 18978 40 3269 13 7350 2 1,656 19 15061 50 19099 9 33,8 34 7353 49 11688 ,2 15076 2, ,9,50 3, 3335 39 7407 7 1,709 42 ,5345 30 ,9,59 37 3361 39 744, 28 11855 8 ,5372 38 ,9289 32 U.l 33 7638 32 11924 8 15449 19 1936, 20 3472 38 7650 4, ,2039 23 15544 8 195,7 28 350, 16 77,8 5 12146 2 15625 5 19579 33 3504 26 7864 9 12198 24 15770 35 19624 32 3643 21 7881 1 12339 40 15811 48 19779 38 3717 38 7936 31 12486 37 15967 25 19797 15 3929 13 7954 19 12595 9 1597! 48 19965 28 Iznilicinaias tapa šādas 74 sērijas: ,29. 5422. 8929. ~.390. 13.405. 17.029 2,8. 5777. 9530. ~.448. 14.054 ,7.1,2. 587. 5975. 9550. 11.631. 14.047. 17.253, 697. 9364, 9722, ,2.3,1. ,4,401. 17.266. 723. 6566. 10.002. 12.440. I 1.532. 17.384. 1256. 6579. 10.250. 12.580. 14 879. 17.8,0. ,705. 6877. 10.32,. 12.602. 14.975. 17.934. 1892. 7040, 10.337. 12 942. 15.795. 18.353. 2233. 7146. 10.488. 12.953. 15.983 18.388.3,27. 7307. ,0.980. ,3.162. 16 ,92. 18.390. 3729. 7560. 13 333,
16.198. 18.436. 5349. 7969. 11.253. 13.374. 16.338, 19,005. 5396.
8872.