Vinnectes.
Nr. Minneste. Nr. Vinneste. Nr. Vinnestx Nr. Minneste. Nr. Mļnneste.
19 40 5)0 4185 32 500 9089 20 500 12718 28 500 17160 10 500
123 32 500 4190 21 1000 9095 10 500 1273" 35 500 17195 6 500
138 38 500 4209 25 500 9116 10 500 12881 29 500 17203 40 500
178 30 500 4253 34 1000 9102 32 500 13028 2 500 17226 8 500
180 7 500 4376 10 500 9211 10 500 13038 12 500 17246 30 500
244 35 500 4570 29 500 9238 22 500 13144 3 500 17343 2 500
277 47 500 4711 39 500 9263 3 1000 13169 31 500 17349 36 500
317 1 500 4967 3 500 9334 20 500 13297 41 500 17360 46 500
331 4 500 5244 45 1000 9384 21 500 13447 25 500 17463 24 500
360 22 500 5499 2 500 9603 46 500 13497 7 500 17528 48 500
385 32 500 5506 12 500 9044 12 5'-0 13500 48 500 17563 17 500
481 8 500 5509 50. 500 9666 23 500 13521 23 500 17600 38 500
615 36 500 5608 20 1000 9859 7 500 13523 14 500 17734 11 500
713 32 500 5640 40 500 9894 26 500 13715 41 500 17736 27 500
788 1y 500 5651 49 500 9966 25 500 13816 6 500 17770 43 500
636 27 500 5674 20 1000 9982 30 500 13816 26 500 17782 9 1000
939 12 1000 6070 36 500 10113 50 500 13854 3 1000 17782 13 500
996 13 500 6074 48 500 10126 43 500 13975 37 500 17900 41 500
1033 47 500 0190 6 500 10132 7 500 14185 48 500 18111 15 1000
1046 30 500 6197 8 500 10390 14 500 14253 41 500 18127 24 500
1119 12 500 6252 22 500 10750 47 500 14478 6 500 18164 5 500
N55 4 500 6260 29 500 10751 32 500 14526 36 500 18184 25 500
1187 2 500 6279 9 500 10765 34 500 14589 26 1000 18199 42 500
1223 40 500 6315 21 500 10774 6 500 14677 35 500 18265 48 500
1237 24 500 6318 6 500 10829 42 500 14790 3 500 18296 19 500
1292 29 500 5 6425 19 500 10907 42 1000 14833 14 500 18317 42 500
1305 9 500 6530 29 500 10922 37 500 15080 28 500 18823 10 500
1759 2 500 6581 3 500 10955 45 500 15159 32 500 18888 30 500
1801 28 500 6676 35 500 11193 27 500 15203 47 500 18823 50 500
1850 6 500 6700 45 500 11245 43 500 15212 39 500 18916 14 500
1881 2 500 6719 44 1000 11273 5 500 15315 28 500 19008 1 500
1961 16 500 0735 37 500 11283 35 500 15392 38 500 19113 25 500
2092 5 500 6773 6 500 11293 30 500 15395 36 500 19187 6 500
2112 48 500 7136 15 500 11359 8 500 15469 20 500 19205 28 500
2228 25 1000 7151 10 1000 11364 20 500 15469 34 500 19287 6 500
2311 39 500 7306 30 500 11369 25 500 15541 48 500 19310 8 500
2332 30 500 7335 37 500 11413 15 500 15597 42 500 19315 38 500
2361 48 500 7341 28 500 11594 26 500 15052 4 500 19344 41 500
2416 35 500 7312 46 500 11594 43 500 15689 13 500 19397 1 500
2436 12 500 7442 30 1000 11625 2 500 15727 4 500 19492 44 500
2527 41 500 7576 1 500- 11816 13 500 15742 30 500 19499 16 500
2700 19 500 7593 49 500 11830 13 500 15803 25 500 19514 18 1000
2796 18 500 7655 31 500 11878 18 500 15914 3 500 19559 18 500
2816 50 500 7747 47 500 N910 19 500 16012 25 500 19571 22 500
3043 45 500 7764 25 500 11943 48 500 16029 38 500 19605 27 500
3147 38 500 7955 34 500 11947 22 500 16084 7 500 19606 50 500
3L55 18 500 7956 27 1000 12027 21 500 16098 16 500 19878 6 500
3400 30 500 7988 14 500 12064 13 500 16222 43 500 19958 43 500
3452 23 500 8082 32 500 12139 13 500 16534 19 500
3674 41 500 6273 40 1000 12157 15 500 16613 35 500
3693 10 500 8373 16 500 12166 28 500 16702 16 500
3957 30 500 8695 8 500 12204 34 500 16706 3 500
3980 41 500 8732 13 500 12246 14 5&lt;&gt;0 16804 13 500
3990 46 500 8914 28 500 12335 47 500 16905 21 500
4016 12 1000 8983 36 500 12379 24 500 10997 25 500
4016 29 500 6985 13 500 12399 28 500 17039 9 500
4130 24 500 9002 20 500 12547 4 500 17113 43 500
4172 10 500 9041 30 500 12650 41 500 17114 45 500
Priekš izmaksašanas im aļmešuna-) izvilkti šie sērijas nummuri:
827 1415 1595 1872 2242 2481
2607 2759 2962 3826 4105 4249
4354 4476 4575 4750 6082 7230
7847 8308 8750 9875 11887 11906
13495 13589 13784 14496 15N24 15092
1.'&gt;573 15852 15899 16005 16857 17062 18144 19475.