Iekšceme
". iekšcjā ISG4. Qaba 5 Proc. aiz. ņēmuma īOV izlosejumā 2. jcmvarī bez jau
ziņotiem galveuiem viunestiem setošo seriju un
numuru biļetēm vēl krituši rbļ. lieli vinnesīi:
ser Nr. ser. Nr. ser. Nr. ser. Nr.
2 89 6242 45 10156 30 14217 42
102 04 5250 06 10267 20 14273 42
861 46 5420 09 10385 19 14342 20
420 44 5473 35 10542 30 14342 32
442 44 5553 15 10553 15 14559 22
458 28 5609 36 10629 36 14778 33
606 19 5656 15 10666 18 14795 08
533 05 5690 17 10666 27 14798 08
685 86 5752 23 10696 30 15129 43
629 20 5812 35 10752 39 15141 11
661 34 5829 37 10186 16 15162 07
668 23 5859 03 10831 42 15416 06
844 04 5886 16 10844 45 15733 30
943 48 5886 43 10851 06 15994 41
953 09 5929 09 10972 32 16220 26
978 84 6078 12 11000 09 16253 10
1010 41 6117 46 11006 49 16256 44
1062 16 6216 06 11012 16 16270 36
1300 35 6259 07 11122 50 16670 32
1320 06 6351 45 11172 29 16669 11
1363 33 6433 16 11198 81 16689 50
1519 16 6460 45 11211 39 16737 30
1537 07 6535 02 11298 15 16755 20
1583 44 6555 17 11386 08 16811 20
1703 10 6577 01 11395 31 16860 13
1739 26 6579 30 11635 32 16914 48
1790 09 6695 38 11647 37 17030 06
1807 25 6770 10 11663 50 17077 06
1961 37 6786 09 11674 29 17150 50
2031 25 6830 15 11936 09 17456 02
2071 48 6965 37 11965 26 17539 10
2098 31 7031 21 11973 13 17610 46
2166 42 7078 24 12139 12 17795 32
2174 32 7118 37 12251 29 17914 32
2566 41 7273 02 12284 20 18247 19
2568 34 7340 21 12284 29 18334 13
2624 27 7497 23 12351 06 18389 42
2625 19 7623 48 12416 43 18500 34 2633 40 7633 02 12445 42 18502 40 2990 30 7803 16 12484 20 18510 18 2996 05 7829 35 12551 40 18631 17 8001 38 8111 45 12557 22 18708 30 8102 31 8206 16 12599 37 18719 32 8264 24 8215 44 12678 14 18775 36 8280 88 8354 25 12763 43 18781 18 8337 26 8397 48 12831 49 18941 19 3647 18 8407 19 12864 01 18949 29 8690 46 8441 44 13005 18 18992 08 8733 26 8565 43 13019 20 19030 27 3937 37 8659 05 13069 13 19044 42 4149 30 8780 11 13289 48 19057 23 4204 25 8951 21 13438 13 19141 13 4369 01 9109 43 13522 23 19157 47 4376 13 9158 39 13575 21 19200 20 4520 29 9172 06 13596 14 19215 46 4622 39 9223 33 13781 27 19332 29 4633 11 9302 31 13814 15 19381 39 4752 46 9315 39 13878 32 19415 33 4794 43 9330 16 13891 09 19435 44
4799 22 9454 27 ĪBP96 11 19759 06
4378 33 9226 11 14066 47 19824 13 5096 19 9664 16 14077 50 19883 04 6093 24 9911 35 14031 11 19883 09 5193 04 9987 28 14148 35 19896 48 5193 33 10135 04 14187 03 19998 19
Krievijas veseļošauās vietu uzlabošanas kongress
Petrogradā, 7. jaiuvari. Valsts domes Katriuas sālē sminigi attlāja Kriemijas veseļošanās mielu uzlabošanas kongresu. Ķlāt bij: valsts padomes un domes priekšsēdetaji, nlinistri uu viņu biedri, daudzi deputāti uu ap 900 kongresa dalibnieki — vescļošallās mietu priekšstāmji. Kongresu, pēc aizlūguma, atklāja iekšlietu miuistrs ar ruuu, kurā starp citu aizrādija, ka ministrija speršot vīsus soļus, lai izmestu dzīvē likumu par veseļošauās mietu sanitāro apsardstbu. Miueralūdenu amotu, jūras peldetamu uņ klimatisko meselošanās iestāšu Krievijā esot leols daudsums, tas medicinas laukā iegumušas slamu. To uzlabošaua sevišķi tagad ceskatama par patriotisku darbu, lai mūsu varonigie taŗeimji tajās varetu uzlabot savu cīņā sabojāto meselibu.
Vācieši Polijā.
Pēc osicialām Polijas guberņu priekšneeku ziņam, kā "Djeņ" raksta, 1909. g. Varšavā bijuši  vācieši, Varšavas guberņā 105,686, Petrokomas — 218,322, Kališas —
101,895, Plockas — 48,321, Şuvalku — 307.605, bij. Şedlecas -- 16.613, Radomas — 11,986, Lomšas 6674 un Kelcu gub. — 2900, vaj topā 552,895. No tiem tikai 63,972 bijuši Kriemijas pamalstnieki.