Pēdejā premiju aicņēmuma iclocejumā
500 rubļu winnesti krituši uz šādiem sēriju un biļešu numuriem:
Şer. B. Şer. B. Ser. B. Ser. V. Ser. B. 228 43 4.944 42 8.623 7 11.750 44 16.144 24 396 26 4.949 26 8.746 8 11.788 15 16.167 1 564 48 5.100 10 8.777 36 11.794 21 16.358 7 570 34 5.345 1 8.855 19 11.829 24 16.521 9 630 3 5.347 38 8.861 18 11.951 216.616 33 687 33 5.474 10 8.996 7 12.045 37 16.626 25 708 26 5 575 24 9.033 40 12.166 7 16.718 48 783 3 5.639 36 9.067 8 12.167 32 16.972 43 821 50 5.730 47 9.081 13 12.174 4 17.062 20 847 39 5.743 23 9.118 30 12.258 2017.100 45 965 17 5.744 14 9.145 27 12.277 22 17.130 40
1.170 12 5.840 38 9.225 18 12.373 18 17.184 23 1 255 33 5.921 24 9.260 38 12.754 1917.200 26 1.275 50 6.154 28 9.264 19 12.861 20 17.316 31 1.414 32 6.244 43 9.281 47 12.872 2 17.321 36 1.556 9 6.272 44 9.294 18 12.929 19 17.341 5 1.591 19 6.291 19 9.305 31 12.956 12 17.357 19 1.664 44 6.351 21 9.347 2 12.972 17 17.368 7 1.702 12 6 412 35 9.384 10 13.172 4017.386 19 1.799 19 6.555 29 9.551 40 13.343 38 17.649 45 1.857 21 6.571 7 9.701 45 13.460 2517.703 26 1.975 3 6.702 16 9.717 33 13.488 3 17.722 25 2.023 10 6.839 18 9.777 49 13.557 33 17.763 24 2.104 31 6.946 23 9.814 43 13.696 13 17.773 3 2.211 48 7.067 38 9.870 17 13.697 4417.911 11 2.231 12 7.076 10 9.899 18 13.721 22 17.974 40 2.291 40 7.165 20 10.113 50 13.798 42 18.103 10 2.308 16 7.275 33 10.148 3 13.971 3018.187 33 2.522 22 7.365 9 10.216 3 14.086 10 18.203 46 2.532 11 7.470 49 10.232 19 14.173 25 18.448 43 2.834 15 7.505 37 10.232 23 14.297 4 18.580 14 2.850 2 7.633 48 10.304 5 14.369 49 18.624 10 3.006 46 7.747 20 10.414 14 14.403 34 18.642 49 3.213 47 7.776 45 10.422 12 14.476 50 18.655 21 3.236 4 7.790 1 10.489 32 14.558 19 18.787 50 3.277 24 7.794 9 10.589 7 14.602 18 18.809 39 3.280 20 7.814 33 10.658 48 14.797 28 18.819 2 3.643 34 7.818 17 10.668 12 14.888 18 18.946 41 3.759 24 8 032 47 10.872 17 14.889 36 18.972 3 3.766 15 8.065 43 10.952 27 15.121 34 19.054 3 3.872 40 8.073 2 11.069 15 15.376 3019.101 23 3.927 23 8.129 33 11.135 46 15.384 49 19.109 17 3.964 11 8.217 19 11.208 37 15.503 50 19.226 9 4.012 5 8.224 4 11.330 42 15.507 4 19.663 36 4.053 46 8.228 44 11.381 27 15.507 3819.679 4 4.127 23 8.247 5 11.389 12 15.622 47 19 719 33
4.171 8 8.306 26 11.469 33 15.711 15 19.872 28 4.268 23 8.334 45 11.604 10 15.811 29 19.872 34 4.313 19 8.348 5 11.640 43 15.843 3019.935 46 4.520 15 8.355 9 11.664 24 16.016 4019.942 9 4.730 348.413 10 11.668 5 16021 2 19.969 23 4.939 34 8.469 10 11.683 20 16,088 15&gt;19.994 46
Kopā ar jau izsiņotiem lielakiem vinnestiem 300 vinnesti par 600.000 rbļ. Vinnestus izmaksā" valst"ban. ka" Pēterburgas kantori 1900. gada 1. Aprill. kur biļetes masatais 2 nedēļa" agrāki jastāda priekšā.
Amortisetas šāda" serija":
63 125 166 430 664 1.246 1.257 1.376 1.534
I. 631 1.719 1.748 2.274 2 300 2.491 2.682 2.760 2.781 2.831 2.912 2.928 2.943 2.980 2.994 2.997 3.582 3.712 3.918 4.594 4.648 4.726 4 821 4.867 5.022 5.127 5.261 5.337 5.427 5 529 5.781 5 817 5.943 5.969 6.018 6.019 6.148 6.297 6.483 6 837 6.855 6.894 6.964 7.306 6.315 7.504 7.572 7.622 7.641 7.642 7.842 7.972 8.069 8.178 8.20s 8.220 8.379 8.475 9.067 9.295 9.660 10.114 10.142 10.157 10.172 10.185 10.468 10.471 10 638 10.672 10.935 10.957 11.073 11.234 11.289 11.376 11 400
11. 759 11.934 11.950 12.204 12.239 12.257 12.815 13.010 13.054 13.256 13.391 13,754 13,767 13.855 14.025 14.055 14.219 14.253 14.358 14,415 14.430 14.959 14.993 15.116 15.127 15.190 15 217 15.262 15.516 15,598 16.224 16.244 16.269 16.334 16.679 16.859 16.902 17.012 17.056 17.833 17.852 18.097 18.159 18.219 18.321 18.344 18.409 18.853 18.942 19.075 19.213 19,525 19.662 19,712 19.926 19.979
Pavisam 124 serijas (7100 biļetes). Amortisetā" biļete" no 1900. gada 1. "priļa atpirk" visS" valst"banka" kantorSs un siliāle", ka ari to pilsētu rentes", kur valst"bankas iestāde" nav. par 130 rbļ. gabalā.