Vinnecti.
Pēterburga taum 3. Merca. ķchīs dienas vinnestu vilkšana šie nummuri vinnejuši:
200,000 rubļ.: sērija 17880 Nr. 30; 75,000 rubl.: sērija 17683 Nr. 24; 40,000 rubļ.: ser. 14274 d?r. 42; 25,000 rubļ.: ser. 14741 Nr. 24. Pa 10,000 rubļ. viunejuši (255) 47, (5000) 47, (8401) 46. Pa 8000 rubļ. vinnejuši (1421) 41, (9440) 11, (13862) 42, (7018) 45, (1607) 10. Pa 5000 rubl. vinnejuši: (5698) 37, (8256) 6, (7315) 35, (17047) 25. (406) 6, (1641) 42, (14355) 48, (6815) 46. Pa 1000 rubļ. vinnejuši: (2025)21, (8180)37, (11248)36, (14867) 33, (17178) 25, (6681) 39, (8560) 32, (12241)39, (15731) 33, (17303) 40, (7382) 32, (8723) 22, (12872)20, (15858) 20, (17814) 5, (7976) 5, (10886) 37, (14541) 9, (15932)
36, (19999) 21. Pa 500 rubļ. vinnejuši: (1704) 2, (8654)
9, (16882) .11, (12319) 14, (3376) 37, (17587) 22, (7720)
12, (6078)17, (14340)38, (19738)34, (14^7)21.(16607)
47, (12160) 18, (314) 43, (2601) 7, (694) 35, (18455) 40, (13429) 38, (11833) 13, (7462) 15, (10C79) 8, (10715) 18. (9074) 7, (7210) 15, (9102) 12, (13332) 47, (19483) 22. – (13536) 34, (7664) 9, (6937) 37, (581) 37, (12682) 16, (2293) 18, (8168) 10, (5147) 13, (4058) 15, (17598) 21, (7503) 33, (5971) 31, (2686) 21, (10265) 33, (2308) 33, (2281) 21, (17626) 31, (15761) 4, (8712) 15, (1260) 4, (6091) 21/ (8682) 4, (9655) 2, (18245) 3, (1436) 37, (12635) 39, (6870) 42, (10220) 39, (17105) 12, (6936) 35, (12470) 43, (13436) 32, (212) 7, (9471) 2, (2708) 34, (18984) 24, (12586) 47, (17925) 35, (8929) 17, (5885) 26, (2386) 43, (19842) 43, (9230) 35, (4169) 34, (14558) 7, (19456) 2, (8613) 36, (166) 24, (2750) 49, (8130) 27, (9623)
13, (359) 32, (17612) 46, (12662) 47, (3483) 29, (3585) 43, (14210) 25, (5939) 2, (2994) 39, (3969) 30, (1546)30, (15990) 24, (15780) 49, (5461) 2, (17968) 34, (8555) 47, (3484)29, (13924) 35, (9224) 44, (12088) 30, (2238) 42, . (1863) 45, (5623) 41, (11901) 15, (15767) 32, (13076) 37, (16384) 20, (18776) 45, (17683) 14, (10862) 28, (1966) 49, (19117) 40, (4396) 7, (2494) 13, (17059) 50', (11216)
30, (19213) 46, (13761) 21, (16862) 14, (16379)30, (872)
37, (5415) 36, (19134) 1, (7514)41, (10278) 24, (11278) 12, (7077)42, (11842) 27, (13542) 5, (5442) 7, (15474)
48, (11137) 30, (16345) 12, (4958) 26, (15761) 44, (2926) 36, (17415) 8, (13671) 38, (9673) 7, (8366) 47, (5223) 36, (5479) 42, (9661) 11, (12112) 41, (8112) 43, (11513) 28, (9860) 38, (11568) 6, (19337) 10, (16395) 37, (481) 19, (11013) 36, (19994) 11, (9545) 37, (17647)33, (3824)
4, (12550) 38, (14343) 17, (18930) 22, (12816)45, (6922) 24, (2173) 16. (16567) 30, (10366) 15, (6713)31, (17658) 1, (18781) 49, (6087) 10, (4755) 43, (10694) 48, (4374, 26, (13390) 15, (13789) 19, (5830) 5, (16815) 38, (10945)
31, (6641) 25, (7416) 29, (1687) 35, (7433) 6, (1646) 36, (1609)48, (10846) 15, (18380) 43, (6058) 3, (1689) 20, (5996) 33, (13639) 42, (1920) 29, (19880) 36, (12079) 19, (15137) 23, (8669) 13, (11610) 23, (65) 1, (739) 39, (13682) 37, (16688) 49, (18697) 37, (16167) 15, (18867)
10, (4835) 50, (10559) 48. (10457) 25. (12956) 6, (11019)
5, (6969) 41, (10710) 4, (14248) 49, (19542) 48, (6277) ,
36, (6430) 45, (16605) 40, (1578) 8, (12980) 17, (2905) 22, (11761) 12, (15448) 25, (11290) 23, (5901) 2, (1717)
38, (19903) 8/(7642) 45, (6980) 17, (18149) 12, (2580) 38, (13549) 42, (17700) 27, (15402) 36, (10421) 46, (18753) 43, (704) 38, (16559) 29, (10320) 30. (12097) 5, (14018) 45, (5237) 15, (1734)31, (17878) 1, (14714) 39, (15490) 8, (8910)43, (10018) 21, (15210) 33, (12828) 42, (10364) 46, (2572) 4, (8059) 33, (429) 4, (12386) 26, (13994) 15, (5860) 34, (17741) 20, (11141) 48, (160U"&gt;
37, (16011) 29, (13744) 48, (5621) 17, (10667) 15, (50M&gt; 36, (18937) 34, (13896) 25, (7877) 36.
Priekš izmaksasckanas un atmešanas sebibo sērijas invilktao: 689, 19788, 18063, 6844,  4300, 3112, 16452, 17985, 3197, 2111, 7776, 2348, 2307, 6892, 1557, 7165, 11723, 19144, 14764, 9667, 17551, 7543, 18262, 6154, 11682, 14204, 14555, 5717, 16436, 3098, 5174, 16451, 14314, 4127, 4777, 14428, 3300, 19728, 19706.