Labas laimes lasitajiem!
Pēterburga, R Merca. Žodien izlosejot otro 5-proc. prēmiju aislieņu vinnesti krita uz šādecm nummuriem:
200,000 rubļ. uz Nr. 11,583—20 75,000 " " " 1366—45 40,000 " , . 3806—44 25,000 " " " 19,698—25
3 vinnesti, katrs 10,000 rubļ., uz Nr. 7321—25, 1225—35, 6410—6. 5 vinnesti, katrs 8000 rubļ., uz Nr. 4262—36, 11514—3?, 1563—33, 7441 —23, 11936—4.
8 vinnesti, katrs 5000 rubļ., uz Nr. 305—38, 7183—9, 7240—28, 9821—34, 14963—14, 32—3, 19517—47, 9168—31.
20 vinnesti, katrs 1000 rubļ., uz Nr. 19099—47, 18156—16, 19724—23, 18090-24, 6835—18, 18647—26, 1199-44, 3138-5, 9957—41, 2101—47, 16093
—28, 12884—2, 11447—28, 8373-38, 16927—5, 16947—5, 3266—41, 10016 —5, 2636—25, 10202—24.
Minnesti ā 500 rubļ.
s"hr. biļ. sebr. biļ. sēr. biļ. sthr. biļ.
8 44 4.772 26 10,018 46 15,546 46
20 18 4.828 38 10,142 11 15,593 23
299 2 4.910 32 10,180 29 15,637 49
325 41 4,932 42 10,390 45 15,654 19
395 16 4,969 1 10.406 6 15,839 6
421 10 5,003 18 10,428 35 15,985 15
492 41 5,153 29 10,495 18 16.057 7
493 49 5.166 12 10,593 41 16,068 2 617 7 5,241 24 10.809 35 16,127 4 682 9 5,242 23 . 10.826 44 16,369 46 753 24 5,322 8 10,861 41 16,374 8 823 38 5,488 34 10,892 50 16,374 47 826 6 5.547 44 10,908 46 16,444 49 848 45 5,567 17 11.035 20 16.457 33 851 39 5,596 32 11,083 29 16,608 28 994 49 5,654 4 11,089 4 16,743 6
1.059 17 5.694 33 11,107 18 16,778 7
1,079 1 5,719 1 11.188 23 16,805 9
1,092 32 5.827 9 11,242 38 16.854 20
1,099 46 5.960 10 11.414 1 17.048 30
1,129 37 5,974 7 11,465 24 17,080 23
1,148 39 5.978 23 11.583 25 17,091 46
1,489 14 5.998 18 11,692 44 17,190 11
1.621 8 6.030 48 11,753 22 17,196 45
1,682 24 6,128 3 11,772 2 17,210 16
1,752 17 6,199 29 11,882 15 17,225 33
1,792 30 6,338 8 11,907 10 17,486 13
1,953 48 6,422 14 12,061 34 17,516 43
2,014 25 6,516 40 12,066 15 17,642 3
2,193 36 6,894 12 12,271 22 17,658 7
2,230 40 7,035 12 12,513 21 17.685 44
2,245 47 7,075 43 12,554 19 17,842 49
2,302 27 7.192 38 12,555 36 17,867 46
2,305 28 7,344 46 12,640 21 17,924 50
2,308 48 7.354 28 12,774 6 17,964 6
2.365 12 7,474 3 12,946 33 18,012 49
2,373 18 7,505 46 13,058 41 18,085 29
2,633 32 7,703 30 13,231 44 18,399 8
2,709 7 7,726 12 13,238 31 18,503 21
2,792 43 7,775 12 13,570 15 18,555 2
2.826 28 8,104 33 13,615 2 18,556 7
2,995 37 8,132 36 13,688 34 18,563 8
3,017 7 8,160 29 13,743 10 18,573 37
3,104 48 8,346 33 13,776 47 18,594 18
3,151 35 8,359 2 13,838 27 18,663 46
3,249 10 8,488 49 14,296 50 18,781 43
3.289 47 8,546 29 14,413 22 19,047 43
3,296 36 8.623 10 14.415 8 19,057 8
3,369 15 8.700 37 14.436 47 19,062 35
3,431 37 8,813 38 14,468 3 19,102 34
3,591 4 8,875 8 14,566 39 19.163 49
3,711 31 8.393 26 14,590 2 19,170 14
3.785 15 8,982 7 14,737 18 19,276 34
3,883 7 9.013 43 14,767 6 19,303 25
4,113 30 9,075 43 14.814 44 19.415 15
4,260 42 9,170 33 14,856 33 19.472 31
4,368 47 9,211 21 15,102 2 19,655 44
4.481 15 9,233 4 15,209 42 19,696 ,39
4.482 12 9,303 25 15,239 9 19,710 1 4,494 45 9,385 12 15,300 34 19,745 6 4,511 37 9,656 38 15,365 13 19,790 31 4,580 15 9,863 12 15,379 49 19,858 30 4,611 45 9,901 8 15,392 49 19,882 40
4.744 17 9,929 46 15,492 43 19,977 1
4.745 35 9,934 48 15,541 15 19,986 28
Amortisieretas tapa šādas 70 sērijas:
855, 1103, 1135, 1139, 1179, 1757, 1800, 2239, 2253, 2262, 2474, 2670,
2761, 2885, 4217, 4269. 4358, 4615. 4678, 4873, 5039, 5166, 5336, 5480, 5538,
6360, 6496, 6521, 6841, 7049, 7508, 7654, 7955, 8012, 8202, 8267, 8341, 8774,
8803, 9120, 9195, 9857, 10194, 10543, 11483, 11703, 12531, 13008, 13085, 13584,
13607, 13640, 14432, 14626, 14904, 14979, 15181, 15928, 16604, 16663, 16861, 16994, 18067, 18143, 18765, 18860, 18872, 19248, 19265, 19776.