Labas laimes lasitajiem!
Pēterburga, 2. lanman. Izlosejot pirmo 5-procentu prēmiju aizlieņu, Minnesti krita uz šādiem nummurienr:
200,000 rubļ. uz sēriju 9413 Nr. 24, 75,000 " " " 7011 " 25, 40,000 " " " 13.593 " 14, 25.000 " " . 13.614 " 32. 3 Minnesti, katrs 10,000 rubļ. liels, uz sēriju 19,805 Nr. 17, uz sēriju 7544 Nr. 30, uz sēriju 3300 Nr. 49.
5 winnesti. katrs 8000 rubļ. liels, uz sēriju 2027 Nr. 4. uz
sēriju 11.526 Nr. 31, uz sēriju 16,843 Nr. 31, uz sēriju 18,511 Nr. 26, uz sēriju 9905 Nr. 49.
8 winnesti, katrs 5000 rubļ. liels, uz sēriju 4095 Nr. 14, uz
sēriju 18,569 Nr. 8. uz sēriju 11,404 Nr. 47, uz sēriju 10,384
Nr. 9, uz sēriju 14.376 Nr. 46, uz sēriju 9215 Nr. 44, uz sēriju 2169 Nr. 42, uz sēriju 11,359 Nr. 49.
20 vinnesti, katrs 1000 rubļ. liels, uz sēriju 18,495 Nr. 19, uz sēriju 19,584 Nr. 32, uz sēriju 8472 Nr. 12, uz sēriju 5214
Nr. 32, uz sēriju 16,397 Nr. 29, uz sēriju 3366 Nr. 25, uz sēriju
14.124 Nr. 15, uz sēriju 4418 Nr. 2, uz sēriju 16,125 Nr. 1, uz sēriju 7606 Nr. 5. uz sēriju 2207 Nr. 18, uz sēriju 11,228 Nr 40. uz sēriju 12.335 Nr. 18, uz sēriju 14,526 Nr. 3, uz sēriju 5281
Nr. 20, uz sēriju 14,744 Nr. 20, uz sēriju 8817 Nr. 33, uz sēriju 8482 Nr. 14, uz sēriju 1846 Nr. 38, uz sēriju 14,364 Nr. 25.
Minnesti, katrs 500 rubļu liels.
sēr. biļ. sēr. biļ. sēr. viļ. sēr. biļ.
20 30 4,214 2 9,921 44 14,984 21
28 50 4,348 25 10,007 21 15,026 48
105 30 4,538 17 10,093 tt 15,262 32
113 19 4,549 4 10,172 49 15,325 20
152 24 4,583 12 10,199 32 15,353 1
446 36 4,894 49 10,234 9 15,355 41
467 13 4,930 22 10,308 10 15,470 40
664 41 4,983 33 10,523 6 15,549 27
758 20 5,065 21 10,640 11 15,577 46
7"2 3 5,106 4 10,739 7 15,673 1
782 39 5,208 3 10,778 15 15,731 17
808 37 5,212 5 10,874 41 15,809 5
857 50 5,295 34 10,919 47 15,864 14
Ş 44 ' 5,307 17 11,055 29 16,141 7
Ş7 16 5,324 28 11,309 29 16,196 19
I,NB 33 5,338 27 11,345 47 16,210 29
1.27 46 5,364 39 11,354 2 16,278 36
1,312 27 5,363 5 11,366 50 16,344 37
1,383 15 5,531 26 11,381 48 16,538 40
1-Ş 43 5,745 45 11,406 21 16,582 44
1,433 23 5,851 35 11,435 38 16,695 17
 23 5,855 20 11,557 49 16,709 6
Ņ v 6.179 35 11,601 31 16,720 13
1,768 21 6,277 44 11,636 23 16,786 15
Ņ 41 6,293 7 11,674 6 16,813 32
1,898 21 6,316 17 11,685 50 16,834 19
1.901 13 6,365 36 11,784 5 16,887 37
 ? ,5 ".836 46 16,968 36
2 92 N !',840 5? !6,999 44
?Ņ ? ".860 21 17.382 14
2 223 16 6786 3 7
 37 6M5 16 A
2.331 45 6.805 28 12803 42 17 482 18
2,357 14 7,122 38 12,844 5 17 570 49
2,386 5 7,204 37 12875 N 7,601 33
2,443 45 7,324 44 12,958 39 17 680 8
2,447 34 7,471 10 13,052 33 17 693 8
2,519 43 7,569 45 13,187 39 17849 27
2,529 4 7,619 22 13,190 19 17872 22
2,599 48 7,640 38 13,276 12 17946 25
2,622 45 8,045 50 13,352 41 17 947 45
2.625 49 8,081 45 13,372 26 18,221 29
2,627 43 8,135 14 13,522 11 18,427 14
2.829 9 8,221 14 13,523 45 18,439 6
2.830 28 8,236 10 13,569 43 18,591 3 2,855 49 8,246 15 13,662 9 18,635 26 2,859 4 8,259 10 13,830 29 18,647 33 2,956 23 8,356 39 13,835 38 18,674 38 2,k57 30 8,394 24 13,838 6 18,684 33 2,979 9 8,505 13 13,892 32 18,711 29 3,020 29 8,598 12 14,006 39 18,819 42 3,085 28 8,665 10 14,107 31 18,900 16 3,111 19 8,777 14 14,363 31 18,927 45 3,203 46 8,835 20 14,371 17 18,988 49 3,732 33 8,907 23 14,406 50 19,120 34 3,924 30 8,991 28 14,426 11 19,170 46 3,956 48 9,025 39 14,455 12 19,446 21 3,993 43 9,052 40 14,490 30 19,497 22 4,076 16 9,137 13 14,497 36 19,511 9 4,144 29 9,252 50 14,560 5 19,527 19 4,165 17 9,318 4 14,706 21 19,688 43 4,186 48 9,626 42 14,730 45 19,692 10 4,201 44 9,696 37 14,732 11 19,885 38 4,205 18 9,784 1 14,787 37 19,969 9
Jsnīcinatas tika šādas 94 sērijas:
266, 1299, 1433, 2276, 2341, 2671, 2833, 2868, 3096, 3145,
3279. 3632, 3783, 3901, 4024, 4178, 4508, 4644, 4853, 4857,
5815, 5825. 6400, 6532, 6991, 7091, 7415, 7421, 7559, 7722,
7763, 7854, 7950, 8044, 8142, 8267. 8523. 8551. 8589, 8655,
8824. 9412, 9472, 9693. 9760, 10,079. 11.779, 11,792. 12,054,
12.135. 12,207, 12,448, 12,585, 13,078, 13,108, 13.230, 13,284,
13,338. 13,407, 13.633, 13.849, 14,363, 14,404, 14,611, 14,621,
15,158. 15,477, 15.599, 15.618, 15.632, 15,737, 16,076, 16,164,
16,252, 16,546, 16,691, 16,596, 16,989, 17,128, 17,251, 17,269,
17,487, 17,520, 18,106, 18,251, 18,367, 18,472, 18,563, 18,685, 19,273, 19,521, 19,533, 19,562, 19,840.