us
Muicchneeku agrarbankas 5 % premiju aicņēmuma
?3. izlosejumā 500 rbļ. lielie nnnnesti ļritušl uz
'crijām un biļetēm :
Ter. Nr. Şer. Nr. Der. Nr. Icr. Nr. Şer. Nr.
57 26 2859 18 70 24 2861 17 120 14 2896 43 179 24 2959 47 187 39 3021 37 254 26 3155 4 272 41 3162 29 395 11 3195 43 612 35 3225 17 658 42 3306 43 785 18 3362 37 839 21 3365 28 877 50 3377 27 885 36 3378 46 935 26 3493 6 990 50 3511 33 1000 49 3540 40 1150 4 3589 27 1174 21 3610 33 1194 14 3632 18 1219 26 3643 43 1275 15 3745 11 1312 27 3825 48 1368 20 3929 19 1390 46 3988 48 1413 34 3990 47 1421 46 4095 16 5880 32 8993 35 5881 2 9037 30 5886 7 9074 46 5915 29 9202 37 6000 36 9261 26 6072 46 9360 14 6156 34 9551 6 6344 40 9604 42 6409 33 9787 25 6433 39 9862 13 6443 32 9900 48 6445 24 9969 9 6476 47 10010 27
 !"0N; 5)0
6487 22 10041 17 6685 29 10058 21 6700 23 10151 23 6706 15 10343 38 6826 39 10399 37 6864 9 10402 4 6882 39 10437 32 6929 17 10454 36 6959 15 10669 7 6970 48 10674 4 7019 20 10730 25 7024 16 10754 41 7164 10 10825 36 12977 44 13122.49 13136 48 13185 27 13217 23 13309 40 13318 37 13344 19 13365 34 13375 14 13398 19 13503 19 13523 43 13646 11 13701 10 13863 36 13886 40 13973 30 14005 46 14100 34 14193 46 14331 39 14354 9 14355 13 14458 41 14674 7 14762 30
?3. izlosejumā 500 rbļ.
'crijām un biļetēm :
Ter. Nr. Şer. Nr.
57 26 2859 18
70 24 2861 17
120 14 2896 43
179 24 2959 47
187 39 3021 37
254 26 3155 4
272 41 3162 29
395 11 3195 43
612 35 3225 17
658 42 3306 43
785 18 3362 37
839 21 3365 28
877 50 3377 27
885 36 3378 46
935 26 3493 6
990 50 3511 33
1000 49 3540 40
1150 4 3589 27
1174 21 3610 33
1194 14 3632 18
1219 26 3643 43
1275 15 3745 11
1312 27 3825 48
1368 20 3929 19
1390 46 3988 48
1413 34 3990 47
1421 46 4095 16
lielie nnnnesti ļritušl
Der. Nr. Icr. Nr.
5880 32 8993 35
5881 2 9037 30 5886 7 9074 46 5915 29 9202 37 6000 36 9261 26 6072 46 9360 14 6156 34 9551 6 6344 40 9604 42 6409 33 9787 25 6433 39 9862 13 6443 32 9900 48 6445 24 9969 9 6476 47 10010 27
 !"0N; 5)0
6487 22 10041 17 6685 29 10058 21 6700 23 10151 23 6706 15 10343 38 6826 39 10399 37 6864 9 10402 4 6882 39 10437 32 6929 17 10454 36 6959 15 10669 7 6970 48 10674 4 7019 20 10730 25 7024 16 10754 41 7164 10 10825 36
Ser. Nr. Der. Nr. Şer. Nr. Şer. Nr. Şer. Nr.
1469 46 1485 9 1523 5 1551 50 1553 23 1564 29 1564 46 1579 9 1603 16 1614 49 1637 28 1647 28 1654 47 1841 35 1993 12 2090 16 2091 13 2098 38 2200 8 2271 28 2421 10 2550 22 2592 43 .'617 U&gt; 2816 15 4236 43 4269 29 4304 17 4421 37 4524 43 4712 31 4717 14 4734 15 4827 19 4861 32 4920 41 4929 35 5025 15 5078 13 5103 41 5115 33 5195 14 5210 12 5381 28 5446 45 5459 26 5491 3 5562 30 5572 2 5707 7 7214 3 7233 47 7424 37 7498 50 7540 2 7551 20 7625 10 7676 12 7771 20 7839 7 7929 5 7956 44 8074 30 8080 11 8092 48 8094 44 8226 27 8269 31 8399 48 8568 40 8603 44 8643 16 8660 39 8782 33 8790 14 10911 50 10982 26 11034 48 li 180 2 11500 3 11648 21 11913 6 11927 14 11997 38 12113 3 12146 38 12149 9 12197 20 12212 12 12225 12 12360 16 12365 38 12380 8 12579 15 12710 8 12821 11 12822 1 12834 2 12860 30 12929 2 14784 21 14828 6 14905 27 14973 12 14975 45 15012 42 15075 25 15138 27 15151 12 15159 29 15177 19 15283 27 15349 23 I5.-;59 36 15381 24 15417 31 15633 17 15739 13 15819 50 15843 5 15858 32 15903 26 15919 36 I , '35 20 15940 20
Ser. Nr.
1469 46 1485 9 1523 5 1551 50 1553 23 1564 29 1564 46 1579 9 1603 16 1614 49 1637 28 1647 28 1654 47 1841 35 1993 12
2090 16
2091 13 2098 38 2200 8 2271 28 2421 10 2550 22 2592 43 .'617 U&gt; 2816 15
Şer. Nr.
12977 44 13122.49 13136 48 13185 27 13217 23 13309 40 13318 37 13344 19 13365 34 13375 14 13398 19 13503 19 13523 43 13646 11 13701 10 13863 36 13886 40 13973 30 14005 46 14100 34 14193 46 14331 39
14354 9
14355 13 14458 41 14674 7 14762 30
Der. Nr.
Şer. Nr.
4236 43 4269 29 4304 17 4421 37 4524 43 4712 31 4717 14 4734 15 4827 19 4861 32 4920 41 4929 35 5025 15 5078 13 5103 41 5115 33 5195 14 5210 12 5381 28 5446 45 5459 26 5491 3 5562 30 5572 2 5707 7
7214 3 7233 47 7424 37 7498 50 7540 2 7551 20 7625 10 7676 12 7771 20 7839 7 7929 5 7956 44 8074 30 8080 11 8092 48 8094 44 8226 27 8269 31 8399 48 8568 40 8603 44 8643 16 8660 39 8782 33 8790 14
Şer. Nr.
10911 50 10982 26 11034 48 li 180 2 11500 3 11648 21 11913 6 11927 14 11997 38 12113 3 12146 38 12149 9 12197 20 12212 12 12225 12 12360 16 12365 38 12380 8 12579 15 12710 8
12821 11
12822 1 12834 2 12860 30 12929 2
Şer. Nr.
14784 21 14828 6 14905 27 14973 12 14975 45 15012 42 15075 25 15138 27 15151 12 15159 29 15177 19 15283 27 15349 23 I5.-;59 36 15381 24 15417 31 15633 17 15739 13 15819 50 15843 5 15858 32 15903 26 15919 36 I , '35 20 15940 20