Labas laimes lasitajiem!
Pchtcrburgā, l. Maijā. Žodien, 7. reiz izlosejot malsts muišnceku agrarbankas 5-procentu prēmijas ķīlu-grāmatas, Minnesti krita uz šādecin nummurecm:
200,000 rubļ. uz sēr. 14,563 Nr. 44 75,000 " ķ " 10,352 ~ 10 40,000 " " " 3,417 " 20 25,000 " ķ " 7,162 " 44 3 minnesti pa 10,000 rubļ. uz sēr. 11,523 Nr. 28, sēr. 13,549 Nr. 31, sēr. 15,547 Nr. 42.
5 Minnesti pa 8000 rubļ. uz sēr. 365 Nr. 35, sēr. 587 Nr. 27, sēr. 5,864 Nr. 48, sēr. 9,321 Nr. 3, sēr. 12,640 Nr. 25.
8 minnesti pa 5000 rubļ. uz sēr. 179 Nr. 45, sēr. 1,324 Nr. 41, sēr. 5,513 Nr. 42, sēr. 5,679 Nr. 45, sēr. 5,866 Nr. 6, sēr. 10,293 Nr. 19, sēr. 10,990 Nr. 13, sēr. 14.315 Nr. 8.
20 Vinnestu pa 1000 rubļ. uz sēr. 663 Nr. 11, sēr. 1,245 Nr. 1, sēr. 2,199 Nr. 32, sēr. 2,776 Nr. 2, sēr. 3,080 Nr. 14. sēr. 3,164 Nr. 26, sēr. 3,174 Nr. 39, sēr. 3,251 Nr. 48, sēr. 3,283 Nr. 32, sēr. 4,021 Nr. 1, sēr. 4,396 Nr. 15, sēr. 5,829 Nr. 43, sēr. 6,970 Nr. 16, sēr. 7,509 Nr. 49, sēr. 9,000 Nr. 1, sēr. 9,894 Nr. 14, sēr. 10,053 Nr. 28, sēr. 10,473 Nr. 48, sēr. 13,360 Nr. 40, sēr. 15,617 Nr. 27.
Minnesti pa 500 rubļiem.
sēr. biļ. sēr. biļ. sēr. biļ. sēr. biļ. sēr. biļ.
30 12 3,362 4 6,061 37 9,700 6 13,286 21
47 37 3,371 25 6,081 37 9,731 27 13,293 27 113 37 3,488 36 6,290 11 9,745 30 13,405 43
199 9 3.542 9 6,348 33 9,781 40 13,480 48
271 16 3,564 17 6,361 42 9,878 28 13,535 29
325 43 3,570 49 6,603 23 9,938 7 13,538 16 358 29 3,690 19 6,750 34 9,979 18 13,689 41
363 14 3.717 29 6,878 23 10,010 25 13,695 4 445 22 3,830 44 6,929 32 10,081 32 13,722 17
531 17 3,873 41 7,019 34 10,099 11 13,742 24
635 22 3,888 16 7,081 25 10,133 38 13,746 18
673 49 3,990 44 7,131 18 10,138 25 13,783 36
723 45 4,136 25 7,152 2 10,300 50 13,901 19
736 2 4,142 50 7,205 11 10,405 14 13,923 19
788 35 4,243 50 7,275 31 10,432 44 13,988 10
821 7 4,342 34 7,281 33 10,460 50 14,027 7
863 9 4,348 20 7,376 45 10,651 40 14.108 28
896 40 4,538 47 7,380 4 10,74" 41 14,158 50
906 44 4,539 41 7,458 34 10,813 2 14,177 9
940 49 4,540 40 7,509 37 10,844 49 14,217 37
1,319 7 4,542 50 7,530 50 10,997 3 14,274 23
1.321 16 4,615 32 7,552 12 11,050 10 14,281 31
1.322 20 4,656 6 7,565 28 11.065 48 14,359 22 1,406 47 4,694 37 7,805 18 11,126 36 14,461 32 1,779 2 4,742 38 7,911 39 11,209 4" 14,494 10 1,818 25 4,820 24 7,915 37 11,263 ij 14,505 7 1,867 14 4,842 15 7,954 18 11,358 34 14,556 41 1,871 47 4,868 12 7,995 28 11,470 23 14,564 28 1,914 10 4,890 50 8,045 42 11,573 21 14,605 48
2.056 12 4,909 3 8,097 39 11,581 2 14,701 29 2,404 47 4,914 2 8,367 36 11,630 27 14,788 4 2.486 42 4,941 37 8,395 40 11,653 50 14,823 37 2,488 19 4.993 19 8,599 20 11,681 26 14,844 44 2,490 46 5,134 37 8,617 32 12,299 45 14,868 39 2,628 47 5,162 50 8,712 22 12,347 31 14,920 37 2,638 11 5,311 36 8,732 40 12,360 33 15,078 43 2,662 37 5,312 44 8,772 14 12,387 45 15,276 23 2,693 10 5,413 4 8,781 32 12,402 44 15,280 36 2,699 25 5,433 15 8,808 48 12,515 40 15,396 4 2,715 36 5,458 31 8,840 20 12,757 50 15,399 37 2,851 33 5,466 23 3,947 48 12,763 31 15,402 44 2,955 16 5,612 40 9,134 9 12,827 25 15,468 10 2,962 44 5,676 21 9,159 24 12,870 32 15,519 22 2,962 50 5,688 19 9,169 14 12,922 45 15,543 32 2,976 36 5,811 12 9,184 3 12,930 9 15,584 37 2,990 15 5,825 37 9,266 9 13,057 27 15,751 46 3,030 13 5,851 24 9,356 10 13,091 11 15.783 2
3.057 23 5,919 17 9,397 22 13,141 41 15,811 23 3,108 16 5.929 34 9,571 35 13,162 32 15,869 22 3,111 36 5,980 37 9,573 39 13,190 17 15,883 46 3,204 45 6,049 26 9,614 27 13,210 26 15,894 14 3,331 16 6,052 29 9,653 19 13,256 16 15,974 45
Pavisam 300 Minuestu, kopmērtībā 600,000 rubļu. — Minnesti tiek izmaksati mceu'mienigi valsts-bankā, Pchterburgā, no 1. Augusta 1893. gadā. — šīs kīln-grāmatas iesāks amortisecret jeb iznīcinat ar 1. Maiju 1896. gadā.