7
Labas laimes lasitajiem!
Pēterburga, 1. September. 19. milkšana, no pirmās sprocentu matstsaistienešanas biļtetēm šienummuri minnejuši:
-Sēr. ?
4
HBiļ.1
48
SLinneiti. 1000
Ģebr. N Biļ.
2031 28 Minnesti. 500
80 26
500
2116 16 500
90 7
500
2176 36 1000
195 38
500
2286 7 500
215 22
500
2404 22 500
383 41
500
2527 43 500
531 672 34 4
500 500
2544 43 2569 34 500
8000
714 25
500
2758 40 500
751 10
500
2773 43 1000
841 14
8000
2805 22 500
879 908 43 3!
500 500
2864 22 2873 52 500 500
998 14
500
2974 12 500
998 1031 30 45
500 500
2976 12 2980 46 500 500
1038 1045 5
31
1000 500
3177 48 3182 26 500 500
1181 1287 24 44
500 500
3226 3 3425 27 500 500
1361 15
500
3449 14 500
1365 46
500
3470 15 500
1374 1446 1470 1488 1723 25 50 11 20 22
500 1000 500 500 500
3594 46 3687 35 3920 25 4090 15 4304 50 1000 500 500 500 1000
1740 1762 17 25
500 1000
4357 42 4391 12 500 500
1781 1802 1961 1986 8
20 7
41
500 500 500 500
4431 13 4656 45 4665 7 4717 35 500 500 500 500
2005 .35 500
4782 40 500
-Sēr. ? 4
HBiļ.1
48
80
26
90
195
38
215
22
383
41
531 672
34 4
714
25
751
10
841
14
879
908
43 3!
998
14
998 1031
30 45
1038 1045
5
31
1181 1287
24 44
1361
15
1365
46
1374 1446 1470 1488 1723
25 50 11 20 22
1740 1762
17 25
1781 1802 1961 1986
8
20
7
41
2005
.35
SLinneiti. 1000
Ģebr. N Biļ. 2031 28
500
2116 16
500
2176 36
500
2286 7
500
2404 22
500
2527 43
500 500
2544 43 2569 34
500
2758 40
500
2773 43
8000
2805 22
500 500
2864 22 2873 52
500
2974 12
500 500
2976 12 2980 46
1000 500
3177 48 3182 26
500 500
3226 3 3425 27
500
3449 14
500
3470 15
500 1000 500 500 500
3594 46
3687 35
3920 25
4090 15
4304 50
500 1000
4357 42 4391 12
500 500 500 500
4431 13
4656 45
4665 7
4717 35
500
4782 40
Minnesti. 500
500
1000
500
500
500
500
8000
500
1000
500
500 500
500
500 500
500 500
500 500
500
500
1000 500 500 500
1000
500 500
500 500 500 500
500
Ģēr. U Biļ. v Mtnnestt.
ķēr. v Biļ. 1" Minnest
4964 48
500
9037 24 500
5043 22
500
9089 27 500
5121 33
500
9112 14 500
5226 24
1000
9120 7 500
5251 33
500
9132 12 500
5267 32
500
9189 47 500
5314 500
9218 33 500
5406 2
500
9413 15 500
5710 26
500
9473 45 500
5855 28
500
9522 10 500
5905 21
500
9562 24 8000
5913 10
500
9651 13 25000
5994 42
500
9993 23 500
6057 47
500
10078 29 1000
6139 28
500
I0I62 32 500
6223 44
500
10182 31 500
6263 45
500
10217 37 500
6301 24
500
10271 41 500
6321 40
500
10659 4 500
6354 8
500
10756 38 500
6439 47
500
10799 28 500
6657 44
500
10940 34 500
6666 19
75000
11042 49 10000
6708 36
500
11066 32 500
6726 2
500
11233 17 500
6729 17
500
11248 1 1000
6791 32
500
11415 6 500
6914 47
500
11451 9 500
6949 24
500
11501 15 500
7012 23
5000
11547 38 500
7157 18
500
11570 12 500
7182 49
500
11670 35 500
7241 17
500
11733 3 500
7324 43
500
11790 47 5000
7371 7408 41 41
500 500
11850 22 11900 16 1000 500
7424 7440 13 39
500 500
11913 9 II95I 4 500 500
7445 32
500
11951 9 1000
7451 10
500
12076 47 500
7507 44
500
12094 21 500
7561 22
500
12107 25 500
7562 25
500
12136 33 500
7563 12
500
12177 S4 500
7654 37
500
12203 25 500
7697 32
500
12213 45 500
7705 18
500
12389 9 500
7721 46
500
12395 16 500
7734 22
500
12650 16 500
7737 21
1000
12717 9 500
7921 40
500
12851 36 500
7929 18
1000
12973 26 500
7958 17
500
12974 15 500
8022 12
500
13015 46 500
8074 14
500
13085 18 500
8094 46
5000
13141 11 500
8122 18
500
13144 2 500
8257 19
500
13194 3 500
8324 8324 10 II
500 500
13261 41 13436 23 500 500
8354 4
500
13517 42 409
8492 8496 8510 3
30 15
500 500 500
13597 3 13680 15 13768 26 500 1000 500
8513 8657 22 23
500 500
13847 34 13856 25 500
10000
8723 34
500
13905 27 500
8779 26
500
13947 22 500
Ģēr. U
Biļ. v
4964
48
5043
22
5121
33
5226
24
5251
33
5267
32
5314
5406
2
5710
26
5855
28
5905
21
5913
10
5994
42
6057
47
6139
28
6223
44
6263
45
6301
24
6321
40
6354
8
6439
47
6657
44
6666
19
6708
36
6726
2
6729
17
6791
32
6914
47
6949
24
7012
23
7157
18
7182
49
7241
17
7324
43
7371 7408
41 41
7424 7440
13
39
7445
32
7451
10
7507
44
7561
22
7562
25
7563
12
7654
37
7697
32
7705
18
7721
46
7734
22
7737
21
7921
40
7929
18
7958
17
8022
12
8074
14
8094
46
8122
18
8257
19
8324 8324
10 II
8354
4
8492 8496 8510
3
30 15
8513 8657
22
23
8723
34
8779
26
Mtnnestt.
ķēr. v Biļ. 1"
500
9037 24
500
9089 27
500
9112 14
1000
9120 7
500
9132 12
500
9189 47
500
9218 33
500
9413 15
500
9473 45
500
9522 10
500
9562 24
500
9651 13
500
9993 23
500
10078 29
500
I0I62 32
500
10182 31
500
10217 37
500
10271 41
500
10659 4
500
10756 38
500
10799 28
500
10940 34
75000
11042 49
500
11066 32
500
11233 17
500
11248 1
500
11415 6
500
11451 9
500
11501 15
5000
11547 38
500
11570 12
500
11670 35
500
11733 3
500
11790 47
500 500
11850 22 11900 16
500
500
11913 9 II95I 4
500
11951 9
500
12076 47
500
12094 21
500
12107 25
500
12136 33
500
12177 S4
500
12203 25
500
12213 45
500
12389 9
500
12395 16
500
12650 16
1000
12717 9
500
12851 36
1000
12973 26
500
12974 15
500
13015 46
500
13085 18
5000
13141 11
500
13144 2
500
13194 3
500 500
13261 41 13436 23
500
13517 42
500 500 500
13597 3 13680 15 13768 26
500 500
13847 34 13856 25
500
13905 27
500
13947 22
Minnest
500
500
500
500
500
500
500
500
500
500
8000
25000
500
1000
500
500
500
500
500
500
500
500
10000
500
500
1000
500
500
500
500
500
500
500
5000
1000 500
500
500
1000
500
500
500
500
500
500
500
500
500
500
500
500
500
500
500
500
500
500
500
500 500
409
500 1000 500
500
10000
500
500
ķēr. v Biķ. )i" Vinnesti. ķēr. ?k Bit. X" Minesti. 13983 37 500 16663 8 500
13984 44 500 16703 10 500
13985 9 1000 16707 6 5000
14006 50 500 16777 45 500
14008 34 500 16812 48 500
14022 29 500 16853 44 8000
14153 4 500 16861 27 500
14182 16 500 16906 29 500
14230 12 500 17022 18 10000
14403 10 200000 17075 1 500
14435 26 500 17320 27 5.00
14599 2 500 17336 34 500
14603 42 500 17457 33 5000
14689 38 500 17578 27 500
14709 12 500 17598 4, 500
14711 33 500 17685 3 1000
14748 6 500 17741 21 500
14790 6 500 17793 23 500
14837 29 500 17846 3 500
14950 34 500 17848 31 500
15006 35 500 18011 46 500
15007 26 5000 18253 7 500
15031 32 5000 18497 6 500
15062' 45 5V00 18526 48 500
15115 23 5.00 18662 29 500
15187 5 500 18735 22 500
15242 I 500 18974 29 500
15244 13 500 18985 3 500
15259 47 500 19061 46 500
15261 28 500 19075 40 500
15268 22 1000 19158 13 500
15276 29 500 19213 26 500
15437 30 500 19232 7 1000
15447 5 500 19304 6 500
15708 II 500 19307 12 500
15788 33 500 19318 9 500
15829 1 500 19330 16 500
15827 17 500 19335 13 500
15896 31 500 19366 18 500
15902 2 500 19386 34 500
16156 42 500 19388 45 500
16222 50 500 19444 41 500
16364 40 8000 19734 24 500
16435 48 40000 19752 19 500
16478 18 500 19766 18 500
16556 45 500 19778 26 500
16586 26 500 19807 8 500
16630 42 500 19974 19 500
Izmaksajamo un izdzēšamo viļetu nummuri: 242 2754 7499 10395 14376 18289 1220 2862 7935 10739 14705 18394 1396 3424 8168 11485 14829 18666 1459 5477 8196 11592 16085 18788 1674 5539 8855 12163 16751 18922 1943 6287 8960 12948 16956 19358 2238 6542 9796 12949 17351 19679 2270 6683 9827 13170 17423 19692 2731 6800 10308 13209 18266 19810
ķēr. v Biķ. )i" Vinnesti. ķēr. ?k Bit. X" Minesti.
13983 37 500 16663 8 500
13984 44 500 16703 10 500
13985 9 1000 16707 6 5000
14006 50 500 16777 45 500
14008 34 500 16812 48 500
14022 29 500 16853 44 8000
14153 4 500 16861 27 500
14182 16 500 16906 29 500
14230 12 500 17022 18 10000
14403 10 200000 17075 1 500
14435 26 500 17320 27 5.00
14599 2 500 17336 34 500
14603 42 500 17457 33 5000
14689 38 500 17578 27 500
14709 12 500 17598 4, 500
14711 33 500 17685 3 1000
14748 6 500 17741 21 500
14790 6 500 17793 23 500
14837 29 500 17846 3 500
14950 34 500 17848 31 500
15006 35 500 18011 46 500
15007 26 5000 18253 7 500
15031 32 5000 18497 6 500
15062' 45 5V00 18526 48 500
15115 23 5.00 18662 29 500
15187 5 500 18735 22 500
15242 I 500 18974 29 500
15244 13 500 18985 3 500
15259 47 500 19061 46 500
15261 28 500 19075 40 500
15268 22 1000 19158 13 500
15276 29 500 19213 26 500
15437 30 500 19232 7 1000
15447 5 500 19304 6 500
15708 II 500 19307 12 500
15788 33 500 19318 9 500
15829 1 500 19330 16 500
15827 17 500 19335 13 500
15896 31 500 19366 18 500
15902 2 500 19386 34 500
16156 42 500 19388 45 500
16222 50 500 19444 41 500
16364 40 8000 19734 24 500
16435 48 40000 19752 19 500
16478 18 500 19766 18 500
16556 45 500 19778 26 500
16586 26 500 19807 8 500
16630 42 500 19974 19 500
Izmaksajamo un izdzēšamo viļetu nummuri:
242 2754 7499 10395 14376 18289
1220 2862 7935 10739 14705 18394
1396 3424 8168 11485 14829 18666
1459 5477 8196 11592 16085 18788
1674 5539 8855 12163 16751 18922
1943 6287 8960 12948 16956 19358
2238 6542 9796 12949 17351 19679
2270 6683 9827 13170 17423 19692
2731 6800 10308 13209 18266 19810