Labas laimes lasitajiem!
Pēterburga, 1. Septemberi. 27. Milkšana no otrās 5 procentu tvalstsaislienešanas biļetēm tie lielaki minnesti uz šiem nummuriem 200.000 rubļ. uz Nr. 7035—48. 75,000 " " " 15260—9. 40,000 " " " 1465—7. 25,000 " " " 15140—11.
Minnesti pa 10,000 rubļ. uz: 9249—48, 11879—22, 9403-31.' s"vinnchi pa 8000 rubļ. uz: 8256—22, 8570—34, D 947-42, 176—U 6846 —20.N M
8 Minnesti pa 5000''rubļ.'us: 11123—39, 16666—7, 94—16, 19637—50, 19340—49. 15877—26, 14055—3, 15121—14.
20 Minnesti pa 1000 rubļ. uz: 4103—23, 14650—35, 10456—28, 19012—20, 3319—4, 19145—15, 16595—43, 5762—41, 9486—47, 18910—36, 10412—36, 14046—47, 13336—42, 1906—26, 1975—24, 4525—36, 7089—25, 13947—29, 9479—16, 8119—6.
Minnesti pa 500 rubļ.:
Sēr. Viļ. Sēr. Biļ. Sēr. Biļ. Ģēr. Biļ. Ģēr. Biļ.
4758 1 6097 10 7392 22 8538 30 15607 39
8663 1 9480 10 9139 22 10923 30 15672 39
14713 1 9572 10 15893 22 11595 30 17645 39
15912 1 1346 11 15973 22 11919 30 19660 39
18526 1 3903 11 16284 22 12339 30 3622 40
19842 1 4204 11 1987 23 13439 30 4655 40
9354 2 4950 11 3172 23 708 31 10882 40
16755 2 7654 11 5276 23 1379 31 11548 40
422 3 12030 12 11953 23 2820 31 13148 40
4643 3 13500 12 14970 23 7470 31 18330 40
7195 3 2096 13 18614 23 9253 31 8398 41
9661 3 2449 13 721 24 10722 31 15596 41
14282 3 3909 13 7159 24 11437 31 2018 42
15840 3 4176 13 8581 24 15287 31 6383 42
18073 3 8327 13 1898 25 17672 31 7420 42
18259 3 8912 13 4161 25 439 32 9184 42
1323 4 18726 13 6267 25 5515 32 16673 42
3618 4 3721 14 6965 25 7644 32 19920 42
5043 4 17264 14 11287 25 7703 32 7343 43
13605 4 15118 15 17061 25 7792 32 9765 43
16309 4 1511 16 7405 26 10439 32 1600 44
63 5 2271 16 7623 26 16866 32 2504 44
832 5 4947 16 8063 26 18076 32 2833 44
6926 5 10306 16 11792 26 18119 32 5480 44
12304 5 15916 16 13748 26 609 33 5850 44
3596 6 17538 16 266 27 8535 33 10154 44
7626 6 19386 16 659 27 8825 33 2328 45
11112 6 821 17 1869 27 17915 33 2671 45
15009 6 1615 17 8506 27 7132 34 4303 45
15351 6 8698 17 13952 27 19185 34 4544 45
15563 6 7593 17 14241 27 6195 35 11518 45
3265 7 12703 17 14539 27 11709 35 19942 45
3325 7 7671 18 15484 27 12286 35 609 46
3827 7 16338 18 15512 27 14097 35 1063 46
6345 7 2425 19 19620 27 388 36 6122 46
12960 7 2960 19 1209 28 3320 36 10165 46
16488 7 3561 19 7284 28 15152 36 11191 46
16967 7 13573 19 12950 28 16087 36 17193 46
17975 7 16087 19 15136 28 450 37 18129 46
19299 7 17274 19 15498 28 3484 37 18630 46
8492 8 54 20 17578 28 18202 37 12581 47
9846 8 17671 20 7295 29 2626 38 17563 43
11766 8 19518 20 8315 29 3802 38 458 49
12412 8 1291 21 11245 29 8024 38 5114 49
1607 9 10247 21 12992 29 8360 38 9542 49
5476 9 14902 21 14623 29 9381 38 12219 49
7212 9 14712 21 14661 29 2054 39 16030 49
10926 9 16154 21 19842 29 3671 39 9531 50
15499 9 17979 21 3146 30 7771 39 9683 50
19217 9 1512 22 4062 30 8919 39 10111 50
609 10 2203 22 7410 30 10613 39 13228 50
2469 10 4175 22 7633 30 14129 39 16244 50
Jsmaksajamo un izdzēšamo biļetu nummuri:
503 7565 9090 11526 12763 16441 17742
1791 7678 9364 11578 13191 16624 17798
2463 7900 9659 11637 13430 16776 17929
3666 7961 9806 11759 14408 17252 18051
4833 8127 8945 12128 14559 17347 18135
4717 8152 10165 12263 14594 17462 19112
6023 8542 10193 12454 15553 17657 19401
7086 8567 10280 12505 16133 17694 19607
7268 8938 11282 12578