Labas laimes lasitajiem!
Pēterburga, 2. lanwan. Žodien pie pirmās 5-proc. iekšķigās prēmiju-aislieņas 34. izlosešanas vinnesti krita uz šādiem nummuriem:
200000 rubļ. uz Nr. 8022—8. 75000 " 17925—13.
40000 " " 15486—20. 25000 " " " 14606—27.
3 vinnesti a 10000 rubļ. uz NNr. 11774—17, 6406—48,
13927—40.
5 winnesti k 8000 rubļ. uz NNr. 11203—47, 6176—1, 3220— 13, 5380—28. 660—17.
8 winnesti k 5000 rubļ. uz NNr. 15467—25. 18388—6, 6339 —47, 15863—14, 5117—10, 3860—38, 19229—3. 1828—1.
20 winnesti k 1000 rubļ. uz NNr. 6099—17, 127—5, 13701 —49, 19315—48, 7145—48, 6216—16, 14582—37, 1444—5, 16145
—42, 11233—20, 14803—13. 14837—7, 2620—50, 17502—35, 17013—11. 18222—4, 9802—38, 17100—36, 9343—29, 26—14.
Vinnesti X 500 rubļ.
sēr. b. je"r. b. sthr. b. sļhr. b. sēr. b.
2 33 3409 6 7640 14 12231 2 16315 40
217 4 3422 29 7791 25 12241 29 16329 40
276 7 3567 31 7797 14 12547 45 16348 48
276 10 3586 15 7916 4 12615 21 16396 27
397 13 3642 3 8137 12 12628 13 16473 33
412 40 3690 16 8235 42 12709 12 16482 8
462 17 3729 43 8306 23 12873 30 16497 36
489 10 3844 39 8421 17 12881 15 16548 50
566 40 3960 9 8489 28 12911 46 16572 2
472 39 4218 34 8544 26 12999 22 16679 37
608 42 4227 49 8559 48 13208 30 16719 5
623 2 4300 28 8560 16 13214 11 16734 12
856 43 4335 31 8747 36 13325 44 16755 26
867 39 4418 34 8749 13 13337 14 16945 45
900 43 4432 17 8861' 49 13441 19 17026 7
903 14 4485 37 8894 29 13456 13 17029 25
960 23 4515 46 9007 33 13492 32 17057 32
974 7 4792 18 9185 12 13558 44 17245 23
1103 5 4907 47 9282 29 13621 31 17318 45
1201 43 4925 48 9408 28 13706 33 17337 45
1238 41 5040 1 9444 14 13713 46 17374 -9
1361 10 5084 48 9668 7 13797 42 17388 10
1410 17 5110 10 9780 15 14002 12 17828 49
1522 17 5131 41 9786 20 14019 41 17902 32
1559 44 5456 39 9880 32 14146 23 17918 45
1593 24 5588 20 9886 47 14180 44 17945 8
1611 49 5666 22 10003 29 14204 40 17960 32
1628 1 5703 35 10100 50 14373 40 17965 28
1736 27 5784 22 10104 3 14494 38 18035 2
1767 1 5815 21 10188 8 14533 11 18045 39
1783 36 5954 29 10307 5 14598 39 18093 37
1848 15 6002 48 10386 23 14625 40 18455 19
2090 17 6008 9 10392 50 14648 33 18467 17
2172 45 6188 2 10493 38 14818 49 18480 34
2196 35 6203 39 10496 43  34 18501 13
2226 31 6283 28 10499 42 15048 46 18775 43
2313 23 6356 9 10908 50 15288 2 18776 32
2376 3 6545 11 10987 28 15328 6 18908 25
2409 41 6686 7 11000 25 15386 42 19021 5
2693 47 6769 25 11051 41 15502 47 19033 31
2710 22 6785 30 11054 12 15510 17 19092 43
2715 3 6924 8 11235 14 15528 17 19172 7
2732 44 7100 32 11275 43 15553 13 19192 5
2816 19 7146 17 11291 38 15608 29 19363 33
2870 49 7178 14 11325 6 15831 6 19554 7
2871 38 7256 6 11420 13 15866 6 19587 20 2974 37 7258 3 11433 4 15881 46 19676 26 2995 14 7439 10 11451 30 16040 44 19684 13
3246 5 7443 15 11528 29 16067 25 19697 17 3280 44 7519 33 11725 19 16203 39 19743 34 3284 16 7630 5 11793 22 16203 42 19783 47 3408 8 7638 17 11847 8 16205 25 19926 10
Amortisieretas tapa šādas 70 sērijas:
548 4501 8038 10291 15019 17086
878 4543 8486 10402 15282 17374
966 4751 8763 10410 15509 17720
1029 5405 8931 11071 15623 18110
1201 6082 9156 11426 15946 18205
1328 6266 9211 11774 16131 18785
2584 6549 9434 13201 16207 19209
3000 6654 9568 13290 16522 19278
3183 7154 9643 13505 16528 19512
3247 7438 9648 13546 16829 19871 4078 7660 10230 14108 16893'
4371 7888 10258 14395 16982