Labas laimes lasitajiem!
Pētcrburgā, 1. Septemberi. Žodien. izlosejot otrās 5-proc. prēmiju aizlieņu. vinnesti krita uz šādiem nummuriem!
200.000 rubļ. uz sēr. 864 Rr. 49 75.000 . . . 7505 . 34 40.000 . . . 15.250 . 4 25.000 . . . 9966 . 4
3 vinnesti ā 10.000 rubļ. uz sēriju 6647 Nr. 49. sēr. 11.834 Nr. 30. sēr. 18.779 Nr. 48.
5 vinnesti ā 8000 rubļ. uz sebriju 2210 Rr. 29. sēr. 13.794 Rr. 22. sēr. 14.778 Nr. 31. sēr. 15.182 Nr. 44. sēr. 16.905 Nr. 47.
8 vinnesti ā 5000 rubļ. "s sebriju 1333 Nr. 24. sēr. 3749 Nr. 25. sēr. 4751 Nr. 21. sēr. 7966 Nr. 32. sēr. 15.222 Nr. 47. sēr. 17.837 Nr. 38. sēr. 18.651 Nr. 37. sēr. 18,993 Rr. 33.
20 vinnestu ā 1000 rubļ. uz sēriju 633 Rr. 43. sēr. 966 Rr. 48. sēr. 1231 Rr. 29. sēr. 3459 Nr. 23. sēr. 3527 Nr. 48. sēr. 3732 Rr. 8. sēr. 5288 Nr. 49. sthr. 6178 Nr. 39. sēr. 7079 Rr. 47. sēr. 7719 Nr. 45. sēr. 9653 Nr. 50. sēr. 9756 Nr. 17. sēr. 10.633 Nr. 76. sthr. 13.109 Nr. 21. sthr. 13.354 Nr. 19. sēr. 13.581 Nr. 40. sthr. 13.855 Rr. 10. sthr. 17.922 Rr. 38. sēr. 18.066 Rr. 21. sthr. 19.623 Rr. 12.
Vinnesti pa 500 rubļiem.
sēr. bit. sēr. biļ. sēr. biļ. sēr. viļ. šr. viļ.
8 33 3567 18 7460 8 11874 29 15604 7
43 47 3579 3 7544 10 12024 10 15693 39
76 46 37i.6 26 7548 18 12078 23 15970 36
157 27 3774 35 7568 36 12110 45 16154 8
175 42 3782 12 7644 6 12169 39 16161 26
195 10 3812 38 7693 4 12253 36 16319 33
453 30 3818 8 7883 13 12371 11 16417 3
562 42 4187 45 8027 28 12410 9 16466 16
607 43 4441 42 8032 15 12425 27 16498 44
623 8 4443 3 8080 19 12470 40 16518 13
666 26 4524 35 8177 2 12709 33 16583 16
700 36 4536 38 8538 18 12762 36 16597 23
727 18 4537 19 8613 34 13010 31 16809 49
772 44 4599 41 8620 12 13033 10 16969 43
789 13 4614 33 8634 31 13097 49 16976 21
901 30 4706 27 8720 5 13103 13 17026 12
904 14 4803 8 8784 35 13180 49 17027 37
966 5 4831 35 8942 32 13230 41 17166 45
984 23 4855 37 9052 18 13233 34 17170 48
986 49 4865 17 9104 39 13302 23 17218 8
988 4 4970 38 9122 41 13321 30 17334 4
1038 9 5025 34 9185 39 13433 31 17367 32
1111 8 5112 32 9210 33 13476 9 17399 41
1166 3 5139 18 9517 50 13582 23 17405 6
1234 44 5302 11 9536 15 13755 29 17530 47
1242 11 5515 48 9547 35 13972 33 17560 46
1258 30 5518 23 9584 38 14038 23 17597 31
1408 31 5562 46 9598 16 14089 25 17642 48
1490 47 5698 13 9810 9 14201 16 17704 18
1545 35 5938 33 9824 50 14214 41 17704 47
1622 34 6001 25 10009 35 14238 30 17803 17
1777 9 6003 2 10037 24 14287 10 17976 49
2155 20 6147 18 10083 36 14526 23 18089 16
2254 19 6174 47 10277 42 14583 26 18237 36
2255 49 6240 47 10350 14 14613 45 18241 3 2266 39 6263 50 10826 13 14658 45 18296 41 2377 12 6286 39 10982 40 14660 46 18347 47 2381 31 6373 20 11066 43 14869 50 18705 37 2570 12 6425 26 11079 46 15069 18 18745 32 2588 42 6649 45 11176 20 15129 8 18774 29 2590 19 6662 36 11214 25 15147 33 18832 36 2618 5 6705 10 11298 14 15150 3 18854 40 2668 30 6731 20 11305 18 15176 48 18958 31 282 V 36 6875 40 11309 18 15200 40 19362 50 2823 41 7016 41 11320 34 13 19440 26 2915 10 7153 36 11343 33 15380 42 19481 3 3016 37 7199 35 11348 45 15461 &lt; 19511 50 3072 13 7330 9 11497 10 15464 19526 30 3188 21 7336 48 11536 12 15495 21 19628 33 3402 11 7353 9 11564 25 15530 43 19729 18 3438 19 7406 16 11732 46 15554 46 19758 49 3504 33 7418 14 11870 37 15591 21 19773 17
Jsnīcinatas tika šādas 96 sērijas:
187. 405. 878. 955. 1276. 1368, 2088. 2534, 2689. 2778.
2796. 2941. 3580. 3610. 3717. 4070. 4214. 4562. 4649. 4992.
4999. 5138. 5204. 5307. 5375. 5451. 5481. 5710. 5754. 5814.
5900. 6259. 6361. 6804. 7175. 7459. 7632, 7851. 8197. 8271.
8338. 8354. 8775. 8959. 9037. 9403. 9404. 10128. 10372. 10406.
10431. 10519. 10755. 10939. 11010. 11026. 11186. 11261. 11462.
11712. 11918. 11947. 11962. 13020. 13044. 13354. 13518. 14469.
14623, 14678. 15053. 15667. 15909. 16032. 16268. 16358. 16415&gt;. 16439. 16773. 16860. 17049. 17255. 17427. 17547. 17605. 17757. 17799. 18240. 18651. 18837. 18974 19074.19230. 19698. 19938.