Vēlam labbas laimes!
Pēterburga, 2. lanmar. Minnestu milHchana no pirmās 5 pracentu valsts aizlienešanas biļļetēm šie nummuri minnejuši:
200,000 rubļ. sērija (13336) Nr. 20, 75,000 rubļ. sērija (14481) Nr. 45, 40,000 rubļ. ser. (14387) Nr. 49., 25,000 rubļ. ser. (13301) Nr. 2. Pa 10,000 rubļ. minnejuši: (15562) 18, (10089) 41, (127) 42. Pa 8000 rubļ. minnejuši : (13213) 41, (8621)47, (478)31, (2666)47, (19458) 6. Pa 5000 rubļ. minnejuši: (9939) 23, (14841) 17, (3996) 28, (14586) 10, (16903) 30, (183) 31, (8908) 7, (2188) 47. Pa 1000 rubļ. minnejuši: (185) 50, (2019) 9, (2124) 13. (2857) 45, (2859) 26, (2899) 48. (3340) 5. (4206) 6. (5198) 13, (5479) 50, (5671) 20/ (7158)9, (8340)
1, (9527) 5, (9807) 28,' (10061) 13, (10739) 42. (11044)
17. (11866) 14, (15984) 50. Pa 500 rubļ. minnejuši: (8728) 47, (4434) 6, (5857) 9, (6348) 5, (4846) 45, (7687)
18, (10331) 34. (13771) 5, (15798) 21. (19700) 37, (9006) 46, (1291) 30, (19570) 39. (7523) 41, (16500) 18. (18883)
2, (1749) 27, (17312) 6, (1 757) 49, (4610&gt; 31. (11452) 22, (3747) 7, (15825) 13. (1443) 5. (18190) 14. (13319) 38, (13599) 24. (16938) 18. (1932) 37. (10399) 27, (13430) 2, (10694) 30, (11083) 11, (11325)36, (3065) 21, (12130) 50, . (10484) 15. (2017) 11. (16765) 29. (16682) 43. (14945)
28. (10994) 43. (12466) 43. (13937) 13, (19810) 11/ (15562) 11. (9571) 33. (11774) 22, (17303) 14, (16864) 22, (13978) 16, (12773) 39. (19333) 18. (2885) 31, (13856) . 43, (1885) 43, (17317) 46, (8520) 12, (12797) 1, (2790) 4, (4394) 27, (10670) 12, (12856) 22. (19916) 4. (1 857) 49. . (1220!) 33. (3728) 4, (17893) 13. (15676) 40, (18289) 10, (6711) 38, (1173) 3, (6560) 6, (18077) 48, (5138) 21, (1702) 18, (12428) 32. (10927) 41, (14777) 25, (4294) 26, (8314) 35, (4841) 4. (3790) 47, (13590) ' 26, (13186) 1, (2837) 4, (130l6) 24. (12800) 48, (13361) 29, (10964) 41, (5690) 13, (16254) 2, (10292) 6, (6901) 39, (5152) 32. (1662!) 46, (9871) 49, (9909) 7, (13313) 7, (11526) 50, (17747) 17, (5061) 33. (6176) 27. (16864) 12. (15119) 1, (9665) 47/ (2225) 39, (2826) 8/ (19778) 4, (12252) 43, (2070) 44, (19508) 29, (10815) 28, (5416) 1, (1408) 22, (3536) 24, (11338),9, (9655) 47, (609) 38, (9278) 38, (14523) 17, (17570) 8, (14933) 13, (13815) 5 , (3682) 1, (8415)20. (8801)48, (4124) 29, (10754) 23, (5005) 24, (5605) 9, (7214) 50, (13716) 10, (14758) 12. (10901) 33, (459) 49, (7303) 31, (10405) 17. (897) 8. (15261) 47, (146) 32. (10237) 17, (11363) 19, (7065) 49, (11661) 35. (10360) 19, (4374)48, (14009) 20, (759)15. (18354) 37, (3315) 14,. (7710) 27, (9498) 27, (8067) 18, (16601) 31, (15725) 45, (656) 6. (13155)40, (3522)9. (16242) 22, (5238) 43.(1239) ! 40, (19048) 13, (5858) 30. (3823) 28, (10601) 11, (15796) ! 31, (1378) 49, (11027) 43. (18201) 45, (8107) 8. (14482)
38. (2700) 49, (4477) 29, (1.217) 34, (5918) 5. (5013) 20, j (4398) 13, (2255) 2, (17202) 13, (8405) 27, (5807) 41, &gt; (16098) 32, (9448) 22. (536) 23, (12904) 39. (5765) 25, (13987) 44, (15474) 45. (16913) 5. (9151) 43, (3425) 19, (6063) 27. (19608) 18, (6203) 39. (8063) 31, (3315) 31, (3722) 28, (15136) 47, (16725) 12, (12724) 46, (4805) 44, (2078) 17, (1845) 22, (2622) 44, (7012) 11, (9200) 8. (10061) 6. (8873) 24, (8699) 26, (9033) 45, (3503) 50, (14024) 41 , (14542) 48, (9935) 1 , (7007) 14, (5516) 32, (13428) 30, (19518) 6, (4178) 28, (2099) 6, (17788) 50. i (3748) 39, (10623) 19, (13008) 21, (3586) 5, (10506) 23,
(8185) 5, (9025) 1, (10377) 22 . (10260) 42, (9252) 41, (5306) 29, (12008) 10. (3101) 44, (831) 8, (17128) 3. (19856) 38 . (3470) 43, (2375) 12, (7457) 6. (15943) 43. (10070) 18, (19905) 18, (2081) 21, (14171) 25, (19976) 15, (12051) 15, (7706) 14, (421) 28, (13358) 17, (13542) 43. (7605) 26, (4810) 36, (19054) 19. (13959) 38, (17872) 30, (5405) 49/ (4 8022) 8. (7493) 14.
Jsmaksajamo un izdzēšamo bilļetu nummuri i 1027, 1251, 1496, 1756, 1836, 2399, 3572, 4651. 4712, 4713, 4747, 5115, 5946, 6781. 7002. 7441. 7691. 7826. 8331, 8858, 8867, 9279, 9844, 11355, 11408, 11625, 11673, 12423) 13417, 13432, 13466, 13632, 13972, 14196. 14646, 15092, 15363. 15500. 16381, 16622, 16692, 17113, 17315, 19326, 19425, 19677.