Labas laimes lasitajiem!
Pēterburga, 1. Juli. 25. wilkšana no pirmās 5 precentēs valsts-aislienešanas biļļetēm tie lielakie vinnesti uz šiem nummuriem iznāca:
200,000 rubļ. uz sēriju 8306—48, 75,000 rubļ. uz 16738 —12, 40,000 rubļ. uz 18622—38, 25,000 rubļ. uz 9018—26.
3 vinnesti pa 10,000 rubļ. uz 15581—3, 172—20, 5075 —11.
5 roinnesti pa 8000 rubļ. uz 14552—32, 15013—30, 7193 —5, 8589—42, 1633—46.
8 roinnesti pa 5000 rubļ. uz 15919—38, 16349—32, 12308 —46, 17489—44, 18324—2, 794—39, 15358—38, 4209 —44.
20 roinnesti pa 1000 rubļ. uz 18237—49, 19860—29, 13471—23, 6304—41, 1199—11, 8691—24, 15054—32, 17101—17, 1627—4, 9313—14, 5122—4, 908—12, 965—3, 3303—7, 81—31, 10806, 13771—32, 96—48, 17202—40, 5176—49.
Pa 600 rubļ. vinnesti:
Ģēr. BNet. S-ēr. BiLet. S-ēr. BiSet. Ģēr. BiSet.
1118 8 15358 43 13977 33 9688 26
18559 44 12721 43 12291 40 6048 50
6312 17 12678 40 1967 24 1424 47
16343 7 15812 46 14173 34 14953 4
7686 33 4250 10 16879 24 10984 48
4505 28 15029 44 261 14 7841 33
10860 7 7017 9 8804 48 8190 13
7236 49 14069 20 2494 7 15391 36
16340 19 17404 43 853 42 11897 43 8381 6 627 20 6903 37 11341 24 4023 29 12139 24 5121 33 13775 10
18346 21 18342 24 90 6 1902 5
6556 43 14469 31 9439 30 11752 48
10580 25 11105 47 4144 13 17617 36
8874 19 14234 16 8302 40 19793 45
3218 49 7143 16 4495 10 10977 6
14878 38 19249 8 8527 26 9882 18
3016 22 2927 2 12236 47 6966 3
2828 34 8538 25 5780 5 12625 23
2274 37 7316 28 5948 14 15434 13
18971 18 12895 43 13179 20 19947 4
8246 8 16279 41 3279 37 11320 41
11970 37 5618 40 7397 19 18604 15
14193 4 15295 27 688 2 5795 5
10412 7 7830 38 9313 29 2773 45
204 28 9666 23 5757 6 17127 3
18186 20 7641 37 10256 43 1906 47
13476 47 13211 31 10659 47 1137 15
8777 18 7132 60 9365 12 17845 1
18409 26 7797 14 4656 25 19398 22
7407 9 18863 32 3227 7 10017 17
16004 50 783 46 11178 24 16288 12
2964 16 17537 22 11700 11 6131 24
19408 16 15902 34 10388 12 15176 27
11615 47 12446 44 9774 23 14594 25
11551 10 6579 45 12330 23 6384 21
10878 6 2L84 4 12266 41 3824 45
8642 21 3772 29 2440 12 12639 11
18768 46 6258 18 306 28 15060 18
10676 36 3646 22 11478 6 1410 31
12294 33 2434 44 18263 10 5564 36
14324 10 13989 2 6212 28 14465 21
2951 23 2648 43 14303 24 2623 17
16395 46 13735 23 18438 14 3686 7
14789 29 1622 22 14366 23 14430 15
2496 38 12641 22 16203 41 15774 33
17283 40 191.68 2 11364 37 16969 8
17056 31 3692 16 13847 8 12719 20
16341 26 16963 31 2623 49 4104 45 8413 4 18465 31 6160 4 5666 41 9698 11 13406 8 2948 40 7479 48
18303 30 1596 33 11626 44 4973 41
9607 16 6005 39 19640 38 7873 49
19774 22 3678 44 9186 46 3747 33
744 16 17497 8 5231 35 12922 13
19297 36 7523 42 5732 4 30 37
15666 25 5588 30 11303 29 13695 21
11647 46 17047 3 9005 6 12568 18
10614 23 7487 17 6927 5 7642 21
5120 27 18977 30 7647 9 12074 42
4304 1 19832 36 13885 3 13284 43
8305 43 19361 12 15485 13 9976 38
216 41 4312 15 13751 27 241 44
16391 29 9432 5 691 40 14551 46
4189 34 2641 48 18703 18 8364 32
Jsmaksajamo un izdzēšamo biSetu nummuri:
364 8074 4721 11632 8570 7125 1576
19827 8307 12226 12205 12566 4472 3820
3657 17789 5979 9755 14324 11716 12790
12712 6640 961 3340 14294 15261 19503
4965 13486 6556 1026 6509 19861
17311 7600 9222 17059 18615 10170
2951 15137 19882 11421 9738 9LO
18195 3090 10032 15962 13075 12623
3611 15818 6704 17238 17625 4640