Labas laimes lasitajiem!
Pēterburgā, I. Mercā. Žodien, 56. reiz izlosejot otro 5-procentu prēmiju aizlieņu, vinnesti krita uz šādiem nummuriem:
200.000 rubļ. uz sēr. 2.916 Nr. 49. 75.000 . . . 17.623 . 25. 40.000 . . . 14.339 . 33. 25.000 ... 652 . 33.
3 vinnesti ā 10.000 rubļ. uz NNr. 4981 12. 14.065 46. 18.707 43.
5 vinnesti ā 8000 rubļ. uz NNr. 3328 37, 4065 43. 12.981 48. 13.422 49. 19.583 43.
8 vinnesti ā 5000 rubļ. uz NNr. 55 6. 2016 50. 6037 16. 8284 23. 10.150 32. 15.191 30, 15.260 50. 15.649 10.
20 vinnestu ā 1000 rubļ. uz NNr. 317 25. 1323 31. 1411 40. 1549 5. 1734 43. 5518 3. 10.348 45. 10.446 9. 12.125 12. 12.254 24. 12.257 19. 12.625 1. 13,885 45. 14.541 7. 15.308 5. 15,345 13. 17.824 44. 18.112 20. 18.620 50, 19.995 23.
Vinnesti pa 500 rubļiem.
sēr. viļ. sēr. biļ. sēr. biļ. sēr. biļ. sēr. biļ. 22 20 3971 48 7767 10 11843 19 15885 7 95 21 4028 31 7857 42 11922 21 16006 13 117 37 4149 14 7905 10 11942 2 16104 50 210 37 4172 24 8113 35 12031 17 16228 25 217 29 4479 3 8161 9 12081 8 16332 36 298 26 4481 13 8348 27 12203 12 16340 6 350 40 4486 33 8499 39 12305 25 16445 19 350 50 4500 5 8595 18 12327 40 16479 25 439 12 4506- 3 8635 49 12337 31 16587 38 659 27 4603 21 8805 5 12389 26 16621 49 680 40 4790 13 8947 36 12414 5 16766 36 730 14 4827 24 9010 11 12438 26 16803 41 868 35 4840 19 9022 3 12555 16 16984 22 916 15 4882 37 9045 21 12823 9 17021 3 1290 24 4891 46 9064 27 12837 11 17033 40 1397 33 5075 b 9203 36 13010 27 17269 45 1402 6 5175 11 9214 18 13028 4 17362 42 1448 46 5258 31 9243 21 13056 17 17456 24 1589 14 5612 17 9287 20 13096 31 17891 44 1720 6 5682 29 9367 27 13141 40 18032 26 1847 30 5723 31 9380 17 13154 42 18069 19 1874 32 5911 45 9394 3 13180 32 18187 11 1876 3 5948 11 9413 42 13195 44 18190 14 1876 7 6041 2 9515 12 13413 27 18226 50 1895 12 6255 12 9593 14 13457 13 18377 25 1968 48 6332 23 9660 30 13556 26 18391 43 2165 21 6370 8 9758 48 135)76 23 18412 32 2180 47 6398 48 9763 34 13653 38 18447 50 2231 18 6507 26 9382 33 13865 40 18544 9 2246 43 6520 24 9883 1 13879 40 18573 28 2338 24 6697 19 9969 20 13930 43 18579 33 2431 29 6757 16 10041 15 13947 47 18781 38
2635 2 6852 7 10064 34 14035 8 18816 12
2636 41 6908 22 10173 20 14453 39 18868 4 2911 48 6914 38 10177 30 14457 29 18888 49 2945 41 6923 4 10403 34 14587 41 18900 6 3001 34 6997 18 10485 39 14657 15 18999 7 3008 5 7019 50 10497 38 14731 8 19070 10 3044 46 7056 10 V 522 10 14775 29 19138 34 3114 36 7111 50 10623 17 14854 41 19175 16 3118 14 7247 1 10807 20 14919 6 19276 4 3139 7 7261 2 10814 2 15129 13 19349 3 3155 18 7270 9 10900 32 15151 20 19389 44 3186 25 7292 45 10975 25 15325 8 19481 19 3188 9 7301 18 10991 48 15364 33 19584 33 3246 6 7348 31 11050 9 15445 6 19595 49 3250 10 7385 15 11143 36 15450 2 19628 12 3502 16 7512 27 11256 41 15532 27 19735 20 3529 36 7552 17 11281 16 15610 32 19828 25 3564 4 7600 26 11311 33 15624 4 19839 21 3834 16 7753 37 11750 31 15662 34 19892 15 3913 5 7765 35 11825 31 15844 31 19916 46
Jsnīcinatas tika šāoas 102 sērijas: 126. 269. 290. 439. 534.1351.1372.1587.1588. 1592.1621.1630.1720.1722.1864,1956,2605.2968. 3094. 3852, 3915. 4227. 4461. 4493. 4811. 4969. 5115. 5159. 5433. 5943. 6070. 6150. 6247, 6387. 6791. 6886. 7457. 7643. 8074. 8133. 8241. 8304. 8317. 8792. 9365. 9433. 9607. 9718, 10381. 10470. 10578. 10665. 11052, 11142. 12315. 12632. 12923. 12936. 13306. 13394. 13547. 13563. 13916. 14157. 14158, 14362. 14535. 14637. 14746. 14796. 14912. 14956. 15095. 15204. 15583. 15610. 15664. 15873. 15962. 16062. 16074. 16182. 16500. 16784. 16795, 16964. 17090. 17272. 17315. 17777. 18095. 18435. 18590. 18679. 18799. 18865. 19142. 19441. 19489. 19650, 19761.19991.