Labas laimes lasitajiem!
Pēterburgā, 1. Mercā. Şchodien, 44 reiz izlosejot otro 5-procentu prēmiju aizlieņu. minnesti krita uz šādiem nummuriem:
200,000 rubļ. uz 6768—6.
75,000 17.842—33.
40.000 ~ .. 9283-33.
25,000 17,428—38.
3 vinnesti ā 10,000 rubļ. uz.H 8203—11, 13,080—13, 10.941
—42.
5 vinnesti ā 8000 rubļ. uz A° 19,424—36. 1745—29. 13,941 —37. 12300—39, 5259—45.
8 vinnesti ā 5000 rubļ. uz 742—31. 16.634—27. 2266— 1 27. 114—37. 1581—35. 941—34. 15.729—14. 3320—37.
20 vinnesti ā 1000 rubļ. uz .N 19,451—14. 15.135—45. 11,792—28. 2932—42. 19,901—43. 6072—36. 238—33. 10.192 —44. 4381—41, 9285—24. 7280—32. 15,089—9. 10.965—11. 15.770—20. 18,047—29, 4446—50, 765—41, 5054—3, 13.689— 10, 11.614—42.
Vinnesti ā, 500 rubļ.
sēr. lnt. sēhr. biļ. sēr. biļ. sēr. biļ. sēr. biļ.
5192 1 10233 10 10551 21 16272 32 4096 41
N482 1 981 11 10703 21 19426 32 9671 41
15060 1 7384 11 13429 21 3473 33 17802 41
15504 1 7395 11 14422 21 6041 33 4000 42
5017 2 7635 11 16233 21 10196 33 6511 42
8310 2 12833 11 6399 22 14217 33 9545 42
11422 2 13931 11 16867 22 16564 33 14001 42
18267 2 14813 11 3551 23 803 34 9134 43
18521 2 2722 12 5658 23 2475 34 14232 43
18989 2 3653 12 6668 23 3417 34 19526 43
19133 2 3898 12 7960 23 7084 34 2187 44
113 3 11233 12 16119 23 7740 34 6175 44
3848 3 12912 12 16533 23 13070 34 8214 44
4337 3 12998 12 11375 24 13,60 34 8374 44
11002 3 1238 13 17026 24 16368 34 IŞi 44
16756 3 6680 14 19667 24 16422 34 11314 44
18696 3 16278 14 2143 25 17280 34 11960 44 '
8201 4 1603 15 2283 25 18408 34 16766 44
15638 4 4295 15 3302 25 4894 35 914 45
17023 4 6806 15 4291 25 10960 35 3005 45
 Ņ3 25 11922 35 3977 45
–  ī5 13483 25 12850 35 4290 45
 C4742 15 16064 25 17360 35 11327 45
14853 5 15881 15 2261 26 18726 35 12922 45
1984 5 112 16 9203 26 702 36 14759 45
731 6 1636 16 16883 26 3356 36 18296 45
3646 6 6107 16 1797126 14089 36 3770 46
6767 6 7360 16 6161 27 15919 36 4256 46
10447 6 10284 16 8310 27 15966 36 9235 46
10563 6 19752 16 12696 27 1062 37 11112 46
ā ! 3032 28 1522 37 12694 46
2623 7 2868 17 3744 28 8092 37 14508 46
5066 7 13050 17 18600 28 9210 37 8331 47
7211 7 19470 17 6209 29 12409 37 12279 47
7871 7 4005 18 9899 29 12469 37 15245 47
15390 7 10241 18 13609 29 16689 37 17009 47 '
16443 7 10920 18 19312 29 8155 38 19393 47 6
3570 8 1Ş 18 19713 29 886ā 38 2431 48
6443 8 14143 18 4812 30 3032 39 2744 48
 ī87,1 !8 7785 30 13332 39 10068 48
14155 8 420 19 10042 30 18279 39 15712 48
14964 8 4902 19 14899 30 176 40 545 49
16127 8 16707 19 15139 30 267 40 4193 49
19369 8 18999 19 16110 30 738 40 7470 49
420 9 19160 19 264 31 12529 40 12268 49
6078 9 557 20 47131 13199 40 3296 50
3 20 8164 31 19661 40 5057 50
"Äi  31 19668 40 5902 50
18221 9 2209 20 8787 31 982 41 8080 50
7676 10 4213 20 17397 31 1539 4 8317 50
8427 10 16218 20 12712 32 3937 41 12046 50
10202 10 6355 21 13600 32 5794 41 17428 50
Jsnīcvatas tika šādas 84 sērijas:
19,980, 5526, 15,213. 10,871, 17,774, 7161, 7546, 17,568, 13.161 5637 19,963, 4786, 18.561, 879, 8783, 13.400. 6176. 8052, 6074, 13.177. 3526 4714
 17,526, 7212, 14.278. 5840, 16.373. 1577. 12.101. 311. 2507 15 6 5 3290, 397, 11,018, 9749, 15.466, 4336, 19.054, 6460. 3748. 5064, 7300 5202' s' 14.V4, 4- V. 599. 17.660. 7044. 15,707. 6531, 7615. 11,583 7864 12 966 M 12,798, 18.914, 5646, 16.491. 8126, 19.747, 17,128, 19,613. 19,815 283 13420 Ş
Ş.' Ņ73. 1012. 19.028. 102.'134' 14/226! Ş. V.