Labas laimes lasitajiem!
Pētcrbursiā, 1. Nomemberi. Žvdecu, 12. reiz izloscjot valsts muišneeku agrarbaukas 5-vrocelltu prēmiju ķīlu-grāmatas, vinncsti krita uz šādiem uumulurccm:
200,000 rubļ. uz sēr. 3081 Nr. 25 75,000 " " " 10,025 " 39 40,000 " " " 8599 " 32 25.000 " " 11,188 , 47 3 viunesti k 10,000 rubļ. uz sēr. 169 Nr. 26, sēr. 3686 Nr. 17, sēr. 14,792 Nr. N.
5 vinuesti ā 8000 rubļ. uz šr. 1172 Nr. 32, sēr. 2305 Nr. 23, seyr. 2433 Nr. 46, sēr. 9590 Nr. 36, sthr. 11,765 Nr. 48.
8 viliuesti a 5000 rubļ. uz sēr. 2075 Nr. 18, sēr. 45Ì3 Nr. 7, sēr. M 5 Nr. 6, sēr. 8058 Nr. 8, sēr. 9191 Nr. 35 sēr. 10,443 Nr. 17, sēr. 10,679 Nr. 22, sēr. 14,339 Nr. 13.
20 vinnestu ā 1000 rubļ. uz sēr. 1969 Nr. 5, sēr. 2743 Nr. 47, sēr. 2970 Nr. 3, sēr. 3530 Nr. 11, sēr. 3584 Nr. 19, sēr. 3959 Nr. 41, sēr. 4079 Nr. 10, sēr. 4819 Nr. 10, sēr. 6030 Nr. 22, sēr. 7830 Nr. 35, sēr. 7864 Nr. 34, sēr. 8961 Nr. 29, sēr. 9339 Nr. 32, sēr. 11,413 Nr. 33, sēr. 11,594 Nr. 25, sēr. 11,837 Nr. 43, sēr. 13,660 Nr. 43, sēr. 14,018 Nr. 41, sēr. 14,386 Nr. 43, sēr. 15,295 Nr. 37.
Vinnesti pa 500 rubļiem.
sēr. biļ. sēr. biļ. sēr. biļ. sēr. biļ. sēr. biļ. 70 8 2,933 14 6.275 2 9.382 9 12.603 43 117 23 2.971 49 6.283 16 9.502 45 12.647 40 231 16 3.016 15 6.317 2 9.509 43 12.689 3 368 10 3.074 7 6.318 27 9.557 3 12.741 38 431 14 3.125 13 6.403 35 9.596 17 12.749 26 499 21 3.177 44 6.425 1 9.614 19 12.749 36 502 26 3.271 19 6.495 28 9.638 9 12.754 43 512 38 3.285 48 6.522 2 9.686 26 12.799 46 569 24 3.326 17 6.566 48 9.724 1 12.808 49 725 16 3 374 49 6.671 28 9.737 7 12.814 27 756 7 3.384 44 6.717 5 9.784 16 12.897 48 777 29 3.393 45 6.782 39 9.806 19 12.951 23 804 46 3.580 18 6.829 3 9.811 1 13.01H 32 820 17 3.693 25 6.857 31 9.865 20 13.024 23 822 14 3.774 42 6.865 20 9.909 42 13.120 2 880 2 3.821 24 6.959 2 9.960 41 13.131 43 1.262 36 4.028 5 6,951 43 10.099 47 13.157 47
 38 4.060 50 7.005 15 10.099 48 13.176 9 1.415 47 4.271 11 7.027 18 10.116 4 12.199 19 1.446 43 4.288 23 7.152 17 10.117 48 1T297 10 1.509 45 4.290 7 7.185 19 10.123 38 13.336 16 1.514 22 4.336 17 7.249 16 10.308 9 13.371 2 1.519 30 4.444 7 7.264 22 10.316 28 13,412 5 1.662 16 4.496 28 7.298 15 10.406 31 13.563 9 1.668 9 4.588 4 7.385 49 10.498 40 13.581 11 1.702 19 4.593 19 7.461 15&gt; 10.658 47 13.624 48 1.725 14 4.610 10 7.459 22 10.666 44 13.823 47 1,774 20 4.634 17 7.511 37 10.754 23 13.951 18 1.798 12 4.711 20 7.522 8 10.831 35 14.035 22 1.885 7 4.800 4 7.758 4 11.064 12 14.096 20 1.942 38 4.849 22 7.810 26 11.068 18 14.260 48 2.068 36 4.947 45 7.911 1 11.073 26 14.291 2.123 2 4.981 31 7.921 14 11.153 44
2.190 31 5.039 25 7.982 28 11.154 13 14.3ī&lt; "
2.273 50 5.168 20 8.103 27 11.185 13 2.306 38 5.184 46 8.118 39 11.312 2.306 46 5.188 11 8.163 14 2.359 4 5.324 28 8.257 10  14.938 2.381 17 5.365 49 8.454 5 11&gt;o3 3 15.018 17 2.407 24 5.367 11 8.567 3&gt;Ģl 38 15.070 14 2.433 30 5.634 49 8.778 sn.782 20 15.105 21 2.440 36 5.645 33 8ķ47 11.805 31 15.185 8 2.462 34 5.764 44 8s 39 11.862 34 15.263 10 2.498 22 5.772  40 11.887 26 15.307 46 2.620 6 5.813  8.908 30 11.999 43 15.467 47 2544 25 5830 65 8.929 20 12.013 29 15.517 26 '&gt; 773 13 '. 9 9.035 31 12.117 22 15.522 50 2811 6 5974 25 9.065 36 12.334 4 15.562 40 2.853 46Ģ 23 9.165 37 1&gt;421 12 15.624 28 2 853 25 6  46 12.487 12 15.849 15 2 888 36 6&gt;l 5 9.252 S6 12.513 28 15.882 39 2SSsi 6.252 49i 9.355 13 12.529 9 15.977 47