Amorticetas un icmaksašanai nolemtas šādas serijas:
109 113 l'.i'.l 387 495 651 674 699 1022 1096 1635 1761 1774 1856 2055 2148 2372 2394 2510 2779 2916 2938 3039 3067 31/ 1 3193 3200 3417 3694 3724 3848 4104 4142 4485 4497 4585 4599 4613 4625 4636 4650 4770 4817 4939 4846 4851 5118 5178 5454 5501 5504 5584 5765 5836 5844 5887 5957 6053 6240 6255 6259 6458 6536 6562 6592 7455 7894 8158 8278 8410 8546 8644 8733 8754 9116 9152 9246 9418 9559 9702 9802 9832 10008 10197 10257 10278 10656 10743 10918 10976 11011 11030 11061 11115 11150 11226 11243 11671 11779 11868 11881 11927 11943 11968 12090 12149 12165 12225 12250 12295 12317 12390 12524 12526 12669 12802 13283 13556 14032 14202 14217 14350 14376 14444 14468 14720 14735 14784 14867 14879 15021 15159 15171 15269 15288 15367 15368 1540i) 15539 15797 15844 15870
109 113 l'.i'.l
387 495 651 674 699 1022 1096 1635 1761 1774 1856 2055 2148 2372 2394 2510 2779 2916
Pavisam 142 sērijas (7100 biļetes), par 923,000 rbļ. Amortiseto biļešu atpakaļ pirkšana iesāksies valstsbankā un minas nodaļās, kā ari rentejāo šagada 1. augustā. Par katru biļeti aizmaļsas 130 rbļ.
2938 3039 3067 31/ 1 3193 3200 3417 3694 3724 3848 4104 4142 4485 4497 4585 4599 4613 4625 4636 4650 4770
4817 4939 4846 4851 5118 5178 5454 5501 5504 5584 5765 5836 5844 5887 5957 6053 6240 6255 6259 6458 6536
6562 6592 7455 7894 8158 8278 8410 8546 8644 8733 8754 9116 9152 9246 9418 9559 9702 9802 9832 10008 10197
10257 10278 10656 10743 10918 10976 11011 11030 11061 11115 11150 11226 11243 11671 11779 11868 11881 11927 11943 11968 12090
12149 12165 12225 12250 12295 12317 12390 12524 12526 12669 12802 13283 13556 14032 14202 14217 14350 14376 14444 14468 14720
14735 14784 14867 14879 15021 15159 15171 15269 15288 15367 15368 1540i) 15539 15797 15844 15870