Labas laimes lasitajiem!*)
Vinnesti pa 500 rnbļecm.
sēr. biļ. sēr. bļ. sēr. biļ. sthr. biļ. sēr. biļ.
10 45 3.328 4 6.356 50 9.162 14 12.653 44
124 15 3.357 38 6.369 43 9.195 19 12.799 9
152 4 3.370 47 6.440 14 9.323 21 12.959 44
162 12 3 500 10 6.528 19 9.342 28 13.049 11
368 8 3.624 43 6.545 21 9.346 3 13.118 28
389 38 3.701 3 6.550 7 9 367 23 13.164 41
391 27 3 751 12 6.588 34 9 435 6 13.189 10
412 38 3.754 10 6 613 50 9.451 4 12,289 43
837 9 3 774 45 6.629 43 9.456 21 13.438 18
871 6 3.873 9 6.665 9 9.479 14 13.445 39
889 39 3.920 39 6.722 20 9.534 12 13.525 32
930 7 3.975 7 6.743 35 9.638 43 13.781 17
932 29 4.248 45 6 804 30 9.865 7 13,788 42
937 26 4.264 8 6.810 41 9.879 37 13.873 26
970 12 4.314 2 6.844 34 10.021 18 13.902 32
1.060 36 4.324 37 6.966 44 10.092 20 13 953 36
1.164 10 4.387 4 7,109 8 10.102 3 14.034 28
1.222 6 4.465 34 7.138 31 10.219 21 14.087 35
1.261 33 4 489 17 7.230 21 10.347 33 14.115 42
1.263 13 4.540 46 7.252 18 10 372 23 14.146 8
1.304 35 4.791 10 7.260 36 10.413 25 14.147 21
1.333 7 4.798 20 7.369 25 10.416 8 14.187 13
1.579 20 4.884 8 7.383 16 10.437 41 14.193 14
1.596 21 4.884 15 7.403 1 10.536 5 14.350 47
1.640 9 4.916 31 7.454 19 10.614 40 14.412 42
1.669 22 4.988 1 7.465 21 10.671 46 14.458 47
1.721 2 4.988 3 7.560 46 10.703 6 14.506 13
1.756 14 5.019 27 7.578 19 10.703 25 14,548 28
1.765 28 5.093 29 7.659 4 10.748 21 14.634 37
1.819 49 5.102 18 7.726 19 10.762 15 14.799 37
1.854 21 5.304 10 7.816 49 10.848 34 14.816 35
1.861 17 5.327 33 7.849 14 11.113 19 14.843 6
1.930 3 5,355 29 7.882 7 11.150 21 14.861 8
2.027 2-t .'..''..'.1 II 7.."'.'7  – l I ! !2
2.134 16 5 407 35 7.930 46 11.175 2 14.939 29
2.276 15 5 424 19 7.960 43 11,192 24 15.010 18
2.358 36 5.425 42 7,976 20 11.358 40 15.155 49
2.369 22 5.443 4 8.047 4 11.468 17 15.236 49
2.380 14 5.473 5 8.049 9 11.471 8 15,252 1
2.543 25 5.474 9 8.052 12 11.521 21 15 294 45
2.547 12 5.527 17 8.056 32 11.528 42 15.404 15
2.638 38 5.539 30 8.158 43 11.600 20 15.422 26
2.696 34 5.695 26 8,195 43 11,699 3 15.484 16
2.806 38 5.708 16 8.584 34 11.743 21 15.510 32
2.814 37 5.805 4 8.638 13 12.050 7 15.673 37
2.879 29 5.865 12 8.752 412 108 13 15.694 35
2.998 34 5.885 17 8.804 20 12.167 27 15.738 50
3.035 4 5 903 1 8.967 14 12.243 33 15.756 17
3.114 33 6.126 19 9.022 44 12.277 28 15.913 32
3.151 8 6.128 20 9.029 27 12.547 29 15.923 8
3.199 8 6,209 40 9.115 35 12.616 26 15.950 48
3.267 3 6.266 43 9,141 34 12.632 43 15,982 24