4
3ša Janvara iclocešanā pa 500 rubļ. ikkatra biļļete viunejuse.
ķerias nummers.
44
nuiumtro.
47
nummtrs. 6,155 Biiļctie NUUItt'.trs.
43
nummtrķ. 18,417 nummers.
19
numuicrs. 4,031 nuiuiuer?.
4
nummerķ. 18,420 Bilļtles nuiiinier?.
23
numuikrķ. 11,977 villctes numnitr?.
43
8,600 50
14,647 25
988 39
8,721 31
17,187 40
3,414 8
19,277 4
19,110 7
5,310 33
10,532 22
14,511 19
2,839 40
11,749 24
3,144 5
18,687 39
7,688 3
15,680 34
5,837 18
5,881 8
8,066 11
4,269 28
4,152 3
6,667 38
14,778 10
4,518 10
9,562 44
299 17
3,633 21
3,514 33
19.952 22
10,770 4
9,396 50
11,700 27
15,189 46
15,514 48
19,961 7
11,224 4,184 49 13
9,764 7,478 29 35
13,393 7,367 12 14
16,882 4,412 24 46
6,408 4,399 36 41
12,501 3,009 46
16,803 4
4,851 46
13,084 45
7,375 27
6,014 27
2,631 44
9,969 47
4,141 20
8,428 16
18,400 32
10,104 11
10,250 9
13,254 43
4,469 13
10,296 10
10,050 31
9,990 6
1,739 27
14,379 9
10,294 44
182 42
6,833 15
733 31
2,518 21
4,793 36
15,320 8
14,510 27
10,553 29
19,042 10
16,642 2
4,488 33
6,240 40
10,690 4
6,583 33 86 4l
18,812 39
5,232 29
1,965 44
9,964 9
7,714 4
17,270 19
3,748 31
13,203 18
12,002 31
6,912 29
15,677 4
1,619 32
7,731 39
7,137 7
16,943 36
9,485 7
13,138 13
215 19
4,608 25
13,562 7,145 11 6
3,873 11,211 21 26
8,547 5,769 44 38
14,466 3,966 4 3
16,900 7,871 2
45
3,101 3,91 l 33 42
12.920
39 17 38
9,703 17,265 20 46
16,356 4,766 14 12
6,632 14,466 37 7
12,235
293 36 14
2,796 11,970 22 29
9,182 40
13,802 45
19,054 36
775 17
4,053 10
2,977 20
4,979 34
14,776 37
5,456 8
16,138 37 85 28
7,407 15
12,861 11,588 8,142 14,588 14,249 4,824
209
9,728 10,989 11,036 9.142 13,822 18,022 4,455 9,953 12,775 1,509 6,932 13,181 8,325 38 48 15 34 10 47 20 6
19 34 48 7
18 27 27 50 15 13 11 24
16,317 18,873 11,721 19,909 2,119 19,375
171
9,786 18,976 1,630 16,497 2,273
221
2,705 1,524 1,202 18,237 7,025
80
17,864 17 27 42 47 17 38 32 46 36 9
27 4
23 4 3
37 15 13 25 50
19,139 17,337 1,589 2,997 19,978 8,760 18,122 13,719
779
13,251 6,551 14,562 7,280 4,539 6,637. 13,938 10,928 13,388 5M2 6,258 13 45 28 3
27 34 49 17 39 36 14 23 7
44 31 27 11 32 3
44
3,252 10,065 14,546 8,823 14,893 16,687 4,649 3,864 3,255 9,635 1,334 7,365 15,913 8,020 3,368
579
10,842
418
9,622 19,097 5 8 9
47 8
20 48 44 23 18 17 50 43 17 29 16 2
23 1
17
11,807 4,751 12,731 15,575 5,662
406
14,261 1,330 9,518 18,654 11,312 4,976 18,059 5,579 13,297 17,205 1,686 12,826 12,971 17,087 28 41 48 14 7 1
43 10 39 28 42 27 32 9
14 28 26 8 3 2
12,486 11,038 3,545 3,516 16,410 5,515 19,344 3,076 16,558 19,274 17,196 8,780 10,314 13,742 12,736 9,776 37 44 40 47 5
27 12 27 21 31 45 4
26 7
43 47
ķerias nummers.
44
nuiumtro.
47
8,600
50
19,277
11,749
24
5,881
8
4,518
10
10,770
4
11,224 4,184
49 13
16,803
4
9,969
47
13,254
43
14,379
9
4,793
36
4,488
33
5,232
29
13,203
18
7,137
7
13,562 7,145
11 6
12.920 39
17
38
9,182
40
4,979
34
12,861 11,588
8,142 14,588 14,249
4,824
209
9,728 10,989 11,036
9.142 13,822 18,022
4,455
9,953 12,775
1,509
6,932 13,181
8,325
38 48 15 34 10 47 20
6
19 34 48
7
18 27 27 50 15 13 11 24
nummtrs.
6,155
Biiļctie
NUUItt'.trs.
43
14,647
25
19,110
7
3,144
5
8,066
11
9,562
44
9,396
50
9,764 7,478
29 35
4,851
46
4,141
20
4,469
13
10,294
44
15,320
8
6,240
40
1,965
44
12,002
31
16,943
36
3,873 11,211
21
26
9,703 17,265
20 46
13,802
45
14,776
37
16,317 18,873 11,721 19,909
2,119 19,375 171
9,786 18,976
1,630 16,497 2,273
221
2,705 1,524 1,202 18,237 7,025 80
17,864
17
27 42 47 17 38 32 46 36
9
27
4
23
4
3
37 15 13 25 50
nummtrķ.
18,417
nummers.
19
numuicrs.
4,031
988
39
8,721
5,310
33
10,532
18,687
39
7,688
4,269
28
4,152
299
17
3,633
11,700
27
15,189
13,393 7,367
12 14
16,882 4,412
13,084
45
7,375
8,428
16
18,400
10,296
10
10,050
182
42
6,833
14,510
27
10,553
10,690
4
6,583
9,964
9
7,714
6,912
29
15,677
9,485
7
13,138
8,547 5,769
44
38
14,466 3,966
16,356 4,766
14 12
6,632 14,466
19,054
36
775
5,456
8
16,138
19,139 17,337 1,589 2,997 19,978
8,760 18,122 13,719
779
13,251
6,551 14,562 7,280 4,539 6,637. 13,938 10,928 13,388 5M2 6,258
13 45 28
3
27 34 49 17 39 36 14 23
7
44 31 27 11 32
3
44
3,252 10,065 14,546
8,823 14,893 16,687 4,649 3,864 3,255 9,635 1,334 7,365 15,913 8,020 3,368 579
10,842 418
9,622 19,097
nuiuiuer?.
4
nummerķ.
18,420
31
17,187
22
14,511
3
15,680
3
6,667
21
3,514
46
15,514
24 46
6,408 4,399
27
6,014
32
10,104
31
9,990
15
733
29
19,042
33
86
4
17,270
4
1,619
13
215
4 3
16,900 7,871
37 7
12,235 293
17
4,053
37
85
5 8 9
47
8
20 48 44 23 18 17 50 43 17 29 16
2
23
1
17
11,807
4,751 12,731 15,575
5,662 406
14,261
1,330
9,518 18,654 11,312
4,976 18,059
5,579 13,297 17,205
1,686 12,826 12,971 17,087
Bilļtles nuiiinier?.
23
numuikrķ.
11,977
villctes numnitr?.
43
40
3,414
8
19
2,839
40
34
5,837
18
38
14,778
10
33
19.952
22
48
19,961
7
36 41
12,501 3,009
46
27
2,631
44
11
10,250
9
6
1,739
27
31
2,518
21
10
16,642
2
4l
18,812
39
19
3,748
31
32
7,731
39
19
4,608
25
2
45
3,101 3,91 l
33 42
36 14
2,796 11,970
22 29
10
2,977
20
28
7,407
15
28 41 48 14 7 1
43 10 39 28 42 27 32
9
14 28 26 8 3 2
12,486 11,038
3,545
3,516 16,410
5,515 19,344
3,076 16,558 19,274 17,196
8,780 10,314 13,742 12,736
9,776
37 44 40 47
5
27 12 27 21 31 45
4
26
7
43 47