Labas laimes lasitajiem!
Pēterburga, 1. Jūlija. Pie pirmās sproc. prēmijas izlosešanas krita lielakie roinnesti uz šiem nummuriem:
200,000 rubļ. uz Nr. 5.570—21, 75.000 " " " 12,327—49. 40,000 " " 9.588—49, 25,000 " " " 9,294—25.
3 Minnesti a 10,000 rubļ. uz NNr. 10.292—23. 16.009—16, 13,648—21.
5 minnesti a 8000 rubļ. uz uz NNr. 13,489—41, 9,425—25, 786—9. 8.558—27, 5.7^4—14.
8 Minnesti a 5000 rubļ. uz NNr. 16,063—39, 16,841—18. 3,270—2, 4,025—38, 1,359—43, 2,569—49, 11,744—24, 17,777—4.
20 roinnesti " 1000 rubļ. uz NNr. 4.125—31, 5,014—3".
7.969—23, 4.604—33, 652—41. 17.295—24, 12.161—10, 6.174—1,
1.105—1. 17,193—45. 10 690 —1, 10.827—23. 15.972 — 12. 17,539 —31, 5.103—15. 857—46, 11.781—23. 17.846'—32. 5,608—8. 7.088—4.
roinnesti a 500 rubļ.
jekr. biļ. šr. biļ. sthr. biļ. biļ.
22 43 5.509 14 10,220 5 15,574 10
81 34 5.592 40 10,473 46 15.601 5
87 17 5.680 49 10,759 34 15.646 10
130 26 5.686 27 10.782 19 15.665 2
258 32 5,716 38 10.800 50 15,712 48
295 37 5.806 50 10.983 1 15.826 39
544 9 5.858 10 11,014 48 15,876 36
563 17 5,873 34 11,400 7 15.990 34
769 48 5,985 29 11,407 47 15.999. 14
1,070 25 6,025 11 11.513 42 16.194 8
1.217 7 6,132 6 11.583 1 16.223 10
1.246 39 6,175 24 11,605 50 16.225 24
1,357 27 6,270 45 11.746 19 16,236 33
1.404 13 6,373 42 11,814 37 16.295 34
1.515 23 6.381 27 11.893 25 16.547 33
1.541 30 6.418 37 11.921 16 16.644 45
1,617 37 6.446 18 11.956 3 16,662 12
1.654 39 6.465 8 11,961 17 16.740 44
1.658 23 6.506 17 12.048 7 16.945 5 1,766 46 6,667 39 12,198 33 17.028 39 1.913 10 . 6,806 44 12.209 27 17.036 8 2,226 1 6,815 49 12.304 43 17.130 15 2.305 39 6.857 24 12.373 38 17,143 21 2.407 29 7.032 22 12.461 8 17.144 5 2,489 27 7.171 20 12.471 5 17.266 37 2,552 33 7,186 8 12,585 17 17.410 35 2.641 6 7,353 34 12.613 37 17.449 16 2.930 41 7.394 16 12.788 45 17.568 38 2.952 17 7.429 38 13.020 22 17.702 24
2.955 20 7.608 21 13,053 23 17.709 27
2.956 5 7,694 49 13.079 20 17,739 43 2.977 24 . 7.697 18 13.243 6 17,920 16 3.096 1 7,703 46 13.342 31 18,072 3 3.300 17 7.771 50 13.366 23 18,082 24 3.342 45 7.880 1 13.455 1 1 18.135 9 3.359 48 7.911 11 13.558 45 18.138 35 3.367 44 7.947 5 13,584 31 18.184 36 3.372 21 7.951 38 13,824 32 18.261 36 3,568 46 7,962 5 13.846 22 18,409 10 3,711 11 8.008 '38 13,879 22 18,594 23 3,796 3l&gt; 8.127 19 13.990 16 18.616 35 3,886 36 8.170 50 13.995 16 18.652 13 3,961 9 8.382 22 14.028 47 18.728 47 3,961 30 8,464 32 14,035 23 18.731 46 4.059 8 8.499 40 14,056 40 18.752 7 4.156 26 8,584 21 14.064 31 18,786 30 4.254 13 8.658 38 14.101 16 18,802 36 4,279 48 8.662 34 14,160 28 18.867.38 4.309 50 8,684 42 14.219 38 18.876 35 4,318 23 8,736 19 14,269 48 18,923 39 4.361 18 8.783 3 14,492 18 19,190 22
4.423 11 8.821 4 14,507 24 19.231 14
4.424 48 8.864 32 14.578 3 19.242 12 4,446 2 9.040 1 14.615 18 19.338 13
4.659 4 9.150 6 14.725 40 19.382 3 4,684 37 9.218 17 14,950 11 19.456 50 4,880 10 9,295 36 15.005 22 19.584 36 5,029 37 9,645 9 15.190 38 19.598 46 5,184 43 9.678 34 15.227 36 19.631 6 5.229 20 9.689 29 15.229 32 19.645 29 5,234 37 9.974 23 15.327 2 19.701 21 5.294 13 10.095 33 15.358 37 19.708 43 5.313 29 10,131 10 15,514 24 19.741 32 5.344 43 10.167 41 15.527 21 19,807 37 5,465 6 10,198 25 15.549 36 19,999 45
Amortisieretas tapa šādas 70 sērijas.
1254, 2266, 2289, 2574, 3010, 3263. 3651. 3684, 3855, 4452, 4540.
4902, 4994, 5086. 5434, 5603, 5899. 5923. 6346, 7028, 7167.
7408. 7535. 8580. 8649. 9038. 9405, 9619, 9683, 9804, 9935,
10017, 10130. 10231, 10395, 10940. 10955, 12559, 12896, 13144,
13514. 13558. 14002, 14087, 14414, 14663. 14944, 15533, 15891,
16146, 16199, 16508. 16540, 16676. 17253. 17312, 17509, 17529.
17622, 18148,  18287, 18309. 18350, 18994, 19085, 19046,
19104. 19282, 19790.