Labas laimes lasitajiem!
Pebterburga, 1 Janmar. 24. vilk-šana no pirmās 5 procentes va!stsaislienešanas biLetebm tie lielakec vinnesti uz sckiem nummuriem iznāca:
200.000 rubļ. uz sēriju 17088—12. 75,000 rubļ. uz 5—13, 40.000 rubļ. uz 12043-44. 25.000 rubļ. uz 2847—24.
3 roinnesti pa 10.000 rubļ. uz 5232—30, 13313—9. 2298—37.
5 roinnesti pa 8000 rubļ. uz 1289—31, 5708—13. 3194—22. 6199—27, 19668-21.
8 vinnM va 5000 rubļ. uz 12957—39. 673—50. 10580—14. 2296— 4, 9707—31, 13,666—9. 6004—26. 9036-31.
20 roinnesti pa 1000 rubļ. uz 16094—10, 14948-49. 13803—18. 17977 —27. 1665—39. 17467-41. 1996—48. 5720—30, 955—50. 408—26, 11653-35. 6320—20. 2865—38. 2098—45, 4717—19, 4495-10, 10427 —35, 7442—19, 9306-41, 14320—25.
Pa 500 rubļ. roinnesii: -Sēr. BiSet. -Sebr. Bi-ļļet. -Sebr. BiKet. ķebr. BiSet. -Sēr BiLet. 5 16 3618 43 7671 25 12039 2 16252 38 31 21 3646 45 7671 49 12147 3 16358 40 221 16 3689 8 7736 42 12156 16 16380 10 305 43 3706 24 7806 27 12191 40 16447 7 459 21 3756 33 7879 43 12330 37 16452 33
533 23 3765 31 7988 47 12532 27 16457 5V
536 3 3787 15 7990 27 12615 45 26552 13
572 2 3898 8 8115 9 12619 16 16676 7
738 38 3997 4 8166 29 12633 28 16759 1
796 16 4291 40 8207 31 12782 18 16850 10
830 37 4297 40 8335 50 12818 9 16892 43
973 50 4416 16 8414 29 12902 6 16920 16
986 12 4497 7 8426 19 12907 22 16939 48
i 032 48 4598 34 8510 40 13035 35 17364 6
i 141 48 4642 42 8764 50 13047 50 17418 46
1252 16 4724 26 8777 17 13080 5 17488 14
1301 14 4733 31 8789 10 13150 39 17489 44
1514 13 4819 32 8842 45 13155 19 17495 24
1587 17 4916 46 8966 4 13302 22 17532 22
1.587 49 4976 28 8991 15 13320 30 17550 17
t594 28 5014 1 9001 7 13274 47 17580 39
1626 17 5018 26 9358 34 13681 3 17640 42
1638 11 5020 30 9359 10 13730 1 17684 5
1706 48 5133 15 9399 29 13956 26 17711 38
1.844 38 5271 27 9623 5 14201 5 17793 24
1931 22 5443 10 9682 46 14386 18 17827 ' 17
1950 15 5520 24 9906 16 14464 3 18004 24
1958 48 5576 7 9942 34 14494 19 18069 22
1969 36 5640 20 9982 40 14508 11 18090 47
C063 30 6147 46 10059 16 14514 19 18092 7
2166 7 6148 11 10196 49 14588 22 18169 12
2284 43 6168 33 10258 16 14826 26 18181 26
C3OO 33 6617 38 10273 48 14901 34 18183 23
2307 37 6618 12 10289 32 14937 40 18219 50
2344 12 6643 48 10534 13 14963 36 18349 50
2373 20 6751 5 10376 8 15036 49 18469 29
2379 7 6753 38 15568 29 15142 24 18470 12
2511 37 6884 30 10723 46 15147 5 18661 26
2712 44 6890 6 10988 19 15178 32 18718 29
2715 40 6916 16 10988 25 15263 36 18759 21
2766 22 6946 5 11034 44 15313 31 18815 11
2834 41 6952 18 11163 30 15390 49 18953 38
2861 14 7107 7 11272 45 15409 14 18961 44
2891 18 7216 19 11337 42 15495 23 19079 34
3161 36 7261 12 11376 17 15722 16 19207 31
3337 18 7288 15 11538 43 15787 20 19209 16
3345 39 7324 29 11746 43 15789 5 19378 32
3382 30 7511 42 11769 18 15822 35 19444 31
3430 30 7562 17 11812 34 15969 49 19502 3
3454 7 7583 11 11927 9 16065 29 19593 3
3465 42 7594 14 11998 36 16072 12 19630 11
3492 17 7615 27 12025 27 16227 47 19981 31
Jsmaksajmo un izdzēšamo biSetu nummuri:
515 2570 4706 6631 10061 12015 13549 17609
648 3135 5611 6699 10448 12178 13472 17670
804 3781 5786 7339 10698 12420 14105 17676
1474 3903 5846 7966 11013 12554 15860 18575
1451 4202 6016 8361 11798 12706 15906 19198
1066 4397 6059 9716 11845 12795 15966 19386
2346 4625 6612 9879 11857 13068 17512 19603 19660 19806
Latv. Avišu apgādatajs: C. V. Sakranowicc.