Labas laimes lasitajiem!
Minnesti pa 500 rubļi.
Ģēr. Biļet. ķēr. Biļet. -Gebr. Biļet. Gekr. Biļet. Set'r. Biļct.
18973 15 11770 37 8792 5 17349 2t 9644 4
81t 46 11254 7 8039 20 12609 3 19098 35
11859 38 18030 26 6429 34 5655 49 7307 9
4901 46 783 1 10727 39 10336 19 4574 17
16849 6 470 30 7006 39 5964 15 13682 18
2290 4t 9742 6 17240 18 1379 15 58t 1 22
14306 3 19616 4 15651 2 11042 1 18886 14
19369 29 6194 36 1182 26 10000 23 10364 9
146 22 19228 30 2362 1 2880 41 16192 3t
60t0 17 6914 43 1037 2 3423 21 11412 36
3914 13 12433 24 15169 21 9947 13 8838 9
10535 10 7327 14 19538 28 6174 9 2768 46
15294 5 4681 16 14519 40 6092 1 18012 43
4529 11 4386 18 3635 11 4156 41 6060 3
19632 46 969 44 994 45 4096 15 16343 28
9217 53 9411 2 11172 29 12283 45 8970 29
18253 38 2466 1 12056 13 1065 21 3673 44
13285 3 1648 36 12721 50 19446 37 1654 42
8600 24 16457 16 11747 18 11173 12 998 9
12828 2 3316 21 5001 47 9510 6 8945 42
1306 49 2568 14 2423 34 7113 12 7778 20
9929 44 17507 24 10313 43 5745 41 19421 45
6584 46 7370 2 18133 40 10736 13 11207 29
19777 6 19870 50 3617 40 3496 3 13757 6
12167 9 3887 28 2254 15 3520 22 12886 26
14184 8 466 7 323 31 634 14 4892 18
16491 37 3179 22 3568 44 12303 21 5023 50
6114 9 7972 11 17275 44 16181 9 12616 47
4097 48 17567 37 14173 5 10339 40 17174 27
6152 50 17806 42 9049 6 17678 48 5009 5
9909 14 9149 45 6512 45 13412 21 10366 16
4826 24 17729 16 6064 22 11870 15 18173 1
5279 35 2907 1 15470 20 7610 11 1820 45
14997 17 87 9 81 28 19488 12 10271 3
13402 17 1402 7 4562 39 7127 14 990 41
12765 29 16732 23 12027 50 10179 32 11525 32
8304 49 18645 34 2577 27 4139 38 4530 43
19752 11 14775 11 10257 2 8224 1 11750 22
13671 7 1015 17 3923 6 3225 27 7294 1
11449 48 10326 19 15126 23 16881 5 9310 2
12994 25 10020 9 13278 11 11135 16 10902 II
18845 4 4052 4 11236 2 18725 38 10268 29
11848 8 2423 3 11958 34 10334 38 4633 8
14439 35 947 39 11748 18 4344 37 17697 34
7502 16 7538 13 8487 47 1560 42 1685 46
8248 10 15891 7 1695 35 3626 23 15508 45
21tt6 12 14669 19 18589 36 4626 39 15384 13
12863 35 7293 26 11226 31 1026 47 13404 14
2564 41 1337 11 1268 49 190 4 10315 34
9475 14 9208 44 330 25 10007 40 13729 47
2186 17 15680 17 734 39 13017 43 2903 28
10054 7 11023 50 13404 34 12112 1 2280 23
Jsmaksajamo un izdzebšamo biļetu nummuri:
16809 14491 3823 10301 13496 3749 3814
4780 9180 11801 14792 8754 5910 922
7357 13210 6732 12997 10266 5548 13481
19360 979 18935 11833 9522 19528 12517
3580 8216 15783 18132 9241 18870 12473
12058 3419 851 8980 11899 18475 6660
17433 19906 8748 10569 4943 17842 18797
17097 11760 19082 1041 11061 8902 13171