Labas laimes lasitajiem!
Pēterburga, 1. September. 23. Milkšana no otrcchs 5 procentes Malsts-aislienešanas biļletēin tie lielakie Minnesti uz šiem nummuriem iznāca:
200,000 rubļ. uz sēriju 9530—7, 75,000 rubļ. uz 19377 —8, 40,000 rubļ. uz 12033—11, 25,000 rubļ. uz 14291—9.
3 roinnesti pa 10,000 rubļ. uz 7685—16, 2883—9, 3995 —33.
5 Minnesti pa 8000 rubļ. uz 2783—37, 16545—45, 8266 —28, 14100—50, 15485—6.
8 roinnesti pa 5000 rubļ. uz 15887—15, 19248—14, 12486 — 19, 13184—48, 17173—48j, 6257—37, 4810—46, 7813
—11.
20 roinnesti pa 1000 rubļus 14289—37, 16567—8, 17993—49, 18254—48, 5030—5, 19237—26, 957—44, 16755—2, 17933—2, 4315—27, 1928—28, 14490—17, 997 —20, 8011—12, 17123—5, 5404—41, 9104—35, 14882— 12, 788—11, 14633—12.
Pa 500 rubļ. minnesti:
Ģēr. Biļļet. Ģēr. Biļļet. Ģēr. Biļļet. Sēr. Biļļet.
00,170 3 04,673 40 09,630 41 15,174 11
00,181 39 04,715 15 09,729 8 15,348 38
00,212 20 04,824 49 10,156 8 15,375 1
00,425 42 04,926 48 10,254 12 15,534 26
00,616 38 05,116 4 10,405 46 15,630 3
00,848 42 05,204 40 10,407 12 15,653 31
00,858 20 05,472 2 10,660 34 15,697 18
00,921 6 05,553 33 10,686 27 15,761 16
00,945 40 05,781 42 10,733 24 15,800 39
00,988 12 05,836 29 11,029 12 16,065 28
01,075 4 05,868 9 11,109 35 16,107 18
01,129 12 05,950 13 11,207 47 16,196 13
Ģēr. BiSet. Ģēr. Bilļet. Ģēr. Bilļet. Ģēr. BiSet.
01,180 35 06,004 41 11,582 14 16,303 34
01,261 6 06,010 32 11,746 11 16,353 47
01,281 3 06,086 38 11,792 26 16361 43
01,315 32 06,263 18 11,936 17 16,446 50
01,361 50 06,416 45 12,020 14 16,491 7
01,411 5 06,448 23 12,120 34 16,517 22
01,445 50 06 457 2 12,255 47 16,593 28
01,572 28 06,656 15 12,302 3 16,617 30
01,671 8 06,718 9 12,323 45 16,694 29
01,692 21 06,781 11 12,334 15 16,740 34
01,737 16 06,913 43 12,425 42 16,752 34
01,742 3 06,958 34 12,442 44 16,946 43
01,770 25 07,016 36 12,624 43 16,968 7
01,830 49 07,017 19 12,693 29 16,968 22
01,909 2 17,020 27 12,708 9 17,075 40
01,921 12 07,099 6 12,755 11 17,112 39
01,954 45 07,201 2 12,797 8 17,237 29
02,014 23 07,231 36 12,817 5 17,390 6
02,065 31 07,264 27 12,883 25 17,454 39
02,100 24 07,314 39 12,965 24 17,842 33
02,201 47 07,587 16 13,102 4 17,509 9
02,384 18 07,596 16 13,106 12 17,606 34
02,395 26 07,612 49 13,138 33 17,626 8
02,499 33 07,635 7 13,142 22 17,651 20
02,579 11 07,674 43 13,201 16 17,704 1
02,733 4 07,829 48 13,276 19 17,764 17
02,757 32 07.875 8 13,287 12 17,806 47
02,932 3 07,884 29 13,350 15 17,943 12
03,007 29 08,003 1 13,369 32 18,026 25
03,045 12 08,014 33 13,434 46 18,031 29
03,153 22 08,051 41 13,482 26 18,044 41
03,280 29 08,052 10 13,483 24 18,086 19
03,297 46 08,124 11 13,635 13 18,136 2
03,534 42 08,145 19 13,645 33 18,388 22
03,576 33 08,148 38 13,697 38 18,561 48
03,709 22 08,170 46 13,810 48 18,583 22
03,718 48 08,191 22 13,946 27 18,604 39
03,781 26 08,328 11 13,994 17 18,762 20
03,903 50 08,444 46 14,013 6 18,864 7
03,920 40 08,474 28 14,271 48 18,987 43
03,928 40 08,513 30 14,277 25 19,195 7
04,001 49 08,540 18 14,287 47 19,231 16
04,042 3 08,552 22 14,305 42 19,272 13
04,084 45 08,694 15 14,457 7 19,348 4
04,102 10 08,988 41 14,525 24 19,419 34
04,197 44 09,047 42 14,561 17 19,479 26
04,235 39 09,102 11 14,692 30 19,498 35
04,279 36 09,152 13 14,728 3 19,509 1
04,400 27 09,159 24 14,754 6 19,518 26
04,402 25 09,167 9 14,788 22 19,735 27
04,417 46 09,270 41 14,832 21 19,853 48
04,499 47 09,309 2 14,863 14 19,887 47
04,593 24 09,376 43 15,144 20 19,996 31
Jsmaksajamo un izdzēšamo biļļetu nummuri:
00,205, 00,843, 01,678, 02,161, 02,798, 02,806
02,846, 02,961, 03,726, 04,080, 04,100, 05,644, 05,940,
06,113, 06,368, 06,904, 07,025. 07,264, 07,834, 07,039,
07,929, 08,067, 08,627, 08,812, 09,043, 09,044, 09,089,
10,228, 10,455, 10,667, 11,442, 11,628, 12,437, 12,672,
13,074, 14,203, 14,533, 14,537, 14,575, 14,797, 14,969,
15,230, 15,369, 16,159, 16,225, '16,725, 16,726, 14,807,
17,132, 17,135, 18,282, 18,386, 18,486, 18,968, 16,235, 19,918-