Labbas laimes lassitajiem!
Pēterburga 1. Juli. Žodien 15. uumiestu Milkšana no pirmās 5 pracentu valsts aizlienešanas biļļetēm šie nummuri minnejuši:
200,000 rubļ. sērija 13696 Nr. 22, 75,000 " " 5585 " 18, 40,000 " " 19830 " 30, 25 000 17474 48.
3 minnesti pa 10,000 rubļ.: sērija 10854 Nr. 10, sērija 14164 Nr. 15, sērija 18083 Nr. 37.
5 mnnesti pa 8000 rubļ.: sērija 14629 Nr. 35, sērija 6108 Nr. 49, sērija 11626 Nr. 37, sērija 15049 Nr. 7, sērija 14280 Nr. 3.
8 minnesti va 5000 rubļ.: sērija (5327) Nr. 31, (5055) Nr. 10, (12971) Nr. 18, (18299) Nr. 13, (9268) Nr 24, (5036) Nr. 24, (12444) Nr. 14, (705) Nr. 17.
20 minnesti pa 1000 rubļ.: (17316) Nr. 6, (7568) Nr. 33, (12332) Nr. 23, (3154) Nr. 23, (9587) Nr. 9. (10609) Nr. 9, (10601) Nr. 48, (3359) Nr. 21, (12873) Nr. 31. (1479) Nr. 25, (1778) Nr. 44, (8261) Nr. 19, (19570) Nr. 36, (13871) Nr. 14, (2717) Nr. 50, (4508) Nr. 40, (6792) Nr. 19, (13241) Nr. 36, (2656) Nr. 50, (16496) 21.
500 rubļ. minnesti: (3932) 2, (19333) 19, (315) 22, (7269) 48, (15650) 38, (13211) 36, (13109) 29, (1659) 16, (8268) 32, (18328) 3, (12406) 17, (17753) 4, (16943)
40, (6137) 36, (8389) 17, (2728) 50, (4628) 35, (729)
42, (14184) 8, (17388) 41, (2743) 47, (18294) 2, (14856)
27, (9378) 41, (2998) 12. (18602) 2. (8141) 43, (15240)
15, (14340) 41, (5445) 32, (3531) 28, (15094) 19, (14064) 4, (7010) 41, (10930) 1, (10208) 24, (9973) 46, (7560) 22, (5855) 4, (18863) 33, (2360) 45, (16059) 7, (17772) 38, (17627) 39, (10698) 33, (15258) 24, (14851) 2, (12427) 4, (407) 45, (91) 47, (12407) 1, (14956) 15, (15986) 13, (1103) 25, (8050) 14, (15493) 32, (19502) 20, (5671)46, (6188) 14, (10841) 9, (14191) 20, (5055) 41, (17446) 29, (15544) 44, (12718) 9, (13232) 43, (14480) 13, (15320) 32, (3890) 50, (13975) 44, (19776) 17, (465) 4, (10835) 31, (332) 19, (18331) 46, (2965) 25, (346) 39, (16163) 24, (1042) 39, (367) 42, (2451) 36, (7424) 10, (5099) 50, (8707) 38, (1907) 9, (16937) 25, (2534) 44, (3831) 16, (7813) 5, (10764) 30, (1681) 36, (17027) 23, (19961) 2, (5366) 13, (9068) 26, (5201) 27, (13418) 14, (7903) 14, (1680) 43, (13220) 50, (16862) 36, (14528) 19, (1281) 5, (759) 33, (18197) 46, (6255) 21, (12668) 40, (8933) 5, (15075) 1, (7046) 44, (9413) 44, (18282) 13, (15726) 44, (3920) 23, (19880) 14, (6236) 9, (14673) 10, (11407) 29, (6857) 21, (8684) 46, (16022) 33, (12519) 30, (7749) 34, (934) 6, (19407) 44, (5126) 13, (1310) 12, (18435) 15, (2771) 22. (3980) 40, (11011) 39, (1430) 39, (10355) 50, (2536) 33, (13511) 12, (15257) 2, (15506) 10, (4304) 45, (3090) 31, (5752) 47, (862) 7, (16932) 32, (12577) 5, (19029) 23, (3916) 14, (7025) 37, (18707) 40, (17658)
16, (7702) 4, (13319) 43, (5919) 18, (13225) 5, (480) 4, (16942) 7, (11553) 46 , (12781) 30, (16393) 26, (17135)
28, (8996) 24, (10440) 3, (17948) 11, (1441) 50, (9098) 47, (3934) 11, (10558) 6, (6447) 5, (19764) 49, (14827)
19, (9794) 20, (6743) 37, (15399) 23, (3713) 34, (4073) 18, (7088) 48, (2309) 39, (10350) 20, (925) 18. (12112)
43, (11356) 45, (12431) 3, (12365) 32, (9354) 18, (2910)
41, (3901) 6, (18834) 5, (16823) 6, (14536) 2, (13238) 47, (12706) 13, (15924) 16, (374) 11, (16350) 18, (1312) 16, (7747) 12, (14083) 28, (7362) 42,. (16575) 21, (11501) 14, (4646) 39, (8402) 42, (4632) 32, (16825) 47, (15632) 24. (12116) 48, (5001) 36, (18798) 46, (5684) 17. (3752)
20, (1313) 13, (10037) 35, (497) 3. (17673) 27, (742) 21, (16432) 19, (6408) 5, (18898) 33, (19862) 41, (12991)
40, (5619) 20, (2767) 1, (15234) 36, (18900) 35, (12270) 36, (12196) 3, (11043) 46, (13143) 34, (5150) 12, (799) 10, (2469) 34, (11842) 26, (1199) 36, (8396) 36, (6462) 16, (326) 28, (755) 15, (5496) 14, (3190) 19, (1617) 35, (3441) 29, (373) 17, (11403) 24, (17492) 49, (6248) 45, (2615) 4, (1076) 48, (8611) 24, (4127) 6. (5363) 4, (973) 42, (7261) 30, (5511) 3, (748) 24, (4437) 44, (142) 17, (14962) 44, (12491) 32, (336) 22, (9486) 3, (3194) 4, (18849) 22.
Jsmaksajamo un izdžšamo billetu nummuri: 11409, 14868, 15392, 18991, 7046, 17403, 5698, 2248, 593, 2468, 3738, 13562, 15769, 993, 5350, 4763, 7903, ! 15976-, 7695, 2591, 2598, 957, 9224, 17883, 15047, 15955, 9448, 8717, 12259, 4248, 19816, 6452, 810, 13341, 540. 2006, 18383, 18908, 11743, 17041, 15034, 6997, 19762, 1616, 2198, 10787, 7853, 14682, 9721,
15915.