Labbas laimes lassitajiem!
Pēterburga 2. luli. Žodien 17. roinnestu vilkšana no pirmās Sprocentu va!sts aizlienešanas biLetēm šie nummuri vi un eju ši:
200,000 rnbļ. sērija 8402 Nr. 8, 75M0 " " 15495 " 49, 40.000 ~ " 10074 " 34, 25,000 " 9148 " 21.
3 vinnesti pa 10,000 rnbļ.: sērija 13441 Nr. 12. sērija 17314 Nr. 8, sērija 4036 Nr. 10.
5 minnesti pa 8000 rubļ.: sebr. s1187) Nr. 2. (16773) Nr. 48. (7858) Nr. 6. (3046) Nr. 17. (N39) Nr. 35.
8 minnesti pa 5000 rubļ.:sēr.(s2oB) 17. (5057) 20. (14530)
11. (11N 0) 21. (9933) 3!. (8439) 14, (14413) 44, (11939) 36.
20 minnesti pa 1000 rubļ.: sēr. (9801) 43, (13736) 7, (9023) 24, (7526) 9. (19475) 32, (19626) 35, (5084) 2, (!0038)
34, (15244) 16, (17573) 14, (10248) 29, (4074) 37, (2960) 44. (14947) 33, (6953) 43, (9729) 22, (8881) 4, (17324) 2, (17345) -18. (6486) 37.
Pa 500 rubļ. minnesti: (14274) 47. (7760) 28, (18979)
12. (12982) 33, (5778) 46. (3512) 42, (16003)45, (7849) 34, (15957) 38. (8214) 39, (19054) 24. (N580) 7, (2934) 25, (8329) 20. (16352) 19. (1884) 36, (15724) 49, (5342) 37, (12714) 46. (14740) 44. (12526) 46, (3775) 49, (15053) 31, (8675) 39. (1130) 32, (15550) 31, (3365) 47,(7554) 31. (12254) 9, (16660) 48, (19609) 23, (4750) 6, (9487) 6, (11839) 35. (13833) 24. (17532) 37, (5395) 33. (9717) 49, (2331) 43. (13957) 10. (18896) 46. (1862) 28, (19140) 27, (13939) 16, (18239) 36, (8064) 35, (17480) 28, (7651) I I. (14870) 40. (17257) 18. (17939) 38. (19748) 28, (18077) 26, (19702) 10. (18648) 43, (13370) 40, (1227) 7, (7051) 48, (8312) 16. (8893) 8. (12815) 40. (788) 24. (3208) 13, (5349) 32. (8818) 29, (5932) 29, (11742) 5, (8744) 33. (18792) 13, (3863) 33, (2321) 26, (7685) 43. (7340) 11, (4329) 30. (19397) 5, (6713) 50, (14477) 49. (17801) 50. (6141) 22, (7970) 13. (7802) 2. (9776) 14, (6719) 41, (8291) 25, (18745) 10, (17369) 35. (2282) 23. (683) 15. (13384) 45. (17664) 49, (322) 2. (19547) 34, (17747) 40, (8659) 25. (6221)5, (7981) 46. (2297) 44. (5507) 26, (1903) 10. (7966) 26. (12141) 46. (11012) 5. (930) 34, (2499) 16, (9096) 24. (8748) 7, (5132) 15. (5282) 4, (17337) 50. (!9191) 26, (5971) 2, (12546) 22, (16901) 17, (7506) 46. (15927) 41, (19273) 41, (7902) 4, (18091) 43, (11390) 10, (6916) 12, (4496) 24. (8280) 14, 13985) 2. (6664) 50. (15385) 41. (2742) 38, (15061) 41, (19897) 34. (13797) 48. (9962) 27. (5018) 19, (785) 38, (16006) 4, (1929) 10, (16087) 27, (16472) 30. (5885) 5, (1515) 10. (11926)17. (2806) 36. (9816) 24, (13641) 19, (2915) 35. (4323) 20. (13138) 25. (6482) 46. (13849) 1, (12093) 6, (13549) 29. (17970) 40, (5747) 46, (12184) 41. (16209) 22. (101) 7. (17559) 49, (4480) 38, (3872) 14, (19155) 11, (3967) 9. (1392) 35. (12394) 17, (18022) 14, (9114) 31, (11958) 17, (3899) 13. (3973) 20. (4372) 46. (5540) 2, (!3945) 24, (11447) 26, (3651) 4i. (11608) 11. (13643) 24. (2545) 14. (18595) 30, (10854) 1. (904) 16, (3970) 43. (8709) 33, (15112) 29,(13202) 45, (18727) 44. (399) 28, (9445) 8, (4467) 15, (2052) 43, (2038) 31, (17149) 25, (13560) 8. (11470) 30, (9670) 35, (9385)
35, (15268) 24, (2265) 18, (14835)4. (10026) 21, (16065) 4, (19837) 6, (11126) 37, (10789) 31, (4879) 35, (18535) 12. (8665) 33, (14405) 47. (11825) 30, (6676) 10, (17747) 6, (11536) 22, (5319) 15, (4733) 11, (15398) 49, (11361) 48, (6155) 21 , (1296) 21 . (18261) 22, (1722) 25, (11809) 50, (15655) 3, (9920) 33, (3114) 8. (4145) 10. (15015) 36, (125) 20. (6838) 40. (16445) 1 . (102) 47. (4629) ,3, (9500) 25,
(18708) 30. (10960) 44, (1187) 20. (14753) 41. (1305) 37, (14710) 14, (17083)1. (17160) 11, (6555) 23, (8853) 36, (9330) 34, (1 1172) 36, (1533) 17, (16097) 3, (3030) 29, (5408) 35, (14984) 27 , (9323) 30, (5712) 32. (18493) 3. (11373) 47. (10118) 37. (6280) 38. (13281) 31, (5486) 39, (4335) 26, (17758) 12, (6721) 24, (10595) 20, (2654) 2. (4308) 14. (7155) 32.
Izmassajamo un izdzebšamo biLetu nurnmuri: 17936. 7009. 14164. 12682. 16506. 2380, 928, 5407. 12133. 17237.18494. 14326. 14943. 18737. 4563, 13115, 4612, 11445, 18531, 12605, 7989, 1049, 3983. 4281. 13431. 5887. 5333. 3033. 706. 7461. 1555, 4265, 9939, 12850. 2306. 7436, 18087, 7809. 10665, 1437. 9898, 10396, 3358. 16134, 4702, 11086, 13281, 15886. 5768. 19308.