Minnesti pa 500 rubļ.:
Pēterburga, !. Jūlija, pusdiena. 31. milkšana no pirmās sprocentu malsts-aislienešanas biļetēm tie lielakie minnesti uz šiem nummuriem iznāca:
200.000 rubļ. uz Nr. 19108-25. 75.000 " . " 26! —18. 40.000 . " 17966-46.
25.000 " . 15851-34.
3 minnesti pa 10.000 rubļ. uz: 164—14. 17324—47. 14895-25. 5 Minnesti pa 8000 rubļ. uz: 5416—38. 155 — 13. 17053-47, 1556- 41. 4520—35.
8 minnesti pa 5000 rubļ. uz: 16452—5. 5526-35, 13907-47, 5721-31. 12410—37. 8245-2, 10380-35. 9858—14.
20 Minnesti pa 1000 rubļ. uz: 764—45. 12723—47. 13575—16. 14283—46. 2919—8. 4916—18. 11809-41. 14393—44. 7187—41. 9934—1 . N065-22. 12101—36. 10367— 14. 12341 — 40, 18234 — 19. 3777—22. 15162—32. 7463—27. 41 1—49. 16756—5
Sēr. Biļ. Sēr. Biļ. Sēr. Biļ. 1912 1 5218 11 15810 24 1960 1 6564 11 17165 24 4193 1 12260 11 18030 24 8945 1 17711 11 19259 24 11019 1 10681 12 7017 25
13697 1 11741 12 13295 25 16485 1 5380 13 14419 25 16933 1 N582 13 14929 25
650 2 15927 13 1448 26 3328 2 2017 14 2769 26 9394 2 5068 14 7190 26 10597 2 15199 14 9076 26 14543 2 16346 14 13813 26 1-7858 2 6764 15 15880 26 10587 3 11838 15 18059 26 1682 4 7547 16 4791 27 3020 4 10982 16 6690 27 3893 4 4136 17 472 28
8376 4 9638 17 1186 28 19468 4 18987 17 3029 28 7736 5 5972 13 6686 28 9080 5 9509 18 8662 28 13081 5 9775 18 8706 28 15249 5 9836 18 13882 28 15487 5 17685 18 16923 28 2265 6 17900 18 17928 28 8268 6 10832 19 11643 29 16123 6 18084 19 352 30
17211 6 715 20 2421 30 17236 6 3542 20 14612 30 17988 6 4267 20 15556 30 1983C 6 6973 20 15608 30
186 7 18913 20 15919 30 658 7 l 3906 21 19278 30 12323 7 11341 21 19731 30 13157 7 14852 21 13169 31 14085 7 15676 21 14247 31 3841 8 2402 22 14499 31 4568 8 3899 22 9619 32 13769 8 7667 22 13230 32 15923 8 19976 22 14687 32 18188 8 953 23 19951 32 8289 9 1246 23 1381 33 13036 9 2770 23 11012 33 14651 9 9191 23 14270 33 16281 9 10286 23 18145 33 18000 9 11471 23 18543 33 3729 10 16579 23 731 34
4794 10 6340 24 2014 34
8859 10 6437 24 4073 34
18728 10 6891 24 4589 34 19842 10 11594 24 8030 34
Aēr. Biļ. Sēr. Biļ. 11502 34 9693 41 18366 34 13753 41
721 35 18226 41 2168 35 9982 42 5393 35 16186 42 10427 35 3955 43 13520 35 5249 43 15325 35 9931 43
485 36 11767 43 2002 36 12862 43 8645 36 17273 43 12610 36 18047 43 12710 36 18917 43 15993 36 8838 44 16917 36 10019 44 19422 36 15982 44 4991 37 18338 44 8627 37 7983 45 10076 37 16173 45 15399 37 16616 45 13687 37 19800 45 2089 38 1542 46 3244 38 9002 46 12727 38 18742 46 15091 38 2379 47 16352 38 3477 47 17323 38 8451 47
256 39 8956 47 555 39 13229 47 751 39 16005 47 1790 39 16915 47 3978 39 18327 47 8323 39 1359 48 10421 39 12143 48 19524 39 18421 48 1237 40 19006 48 1401 40 19708 48 1593 40 10051 49 1810 40 10952 49 2471 40 11130 49 7812 40 11732 49 13662 40 15592 49 13851 40 1994 50 14692 40 10296 50 15130 40 12282 50 15988 40 14092 50
490 41 14536 50 2299 41 15304 50 3158 41 17428 50 4439 41 17873 50 6058 41 17927 50 8560 41 19225 50
Izmaksajamo un izdzēšam 49 303 654 859
1368 2019 2041 2222
2900 3282 3401 3554
5466 5477 5627 6047 6996 7016 7097 7152
9770 9953 10712 11218
12924 13423 14093 14095 15077 15750 15845 16410 17362 17508 17685 17904 19713 19747 199U. o viļetu nummuri:
904 989 1343
2471 2580 2865
4459 4959 5078
6751 6807 690C
7865 8017 8583
11398 11424 11855
14153 14866 14982
16580 17082 17342
18169 19176 19459
Sēr. Biļ. Sēr. Biļ. Sēr. Biļ.
1912 1 5218 11 15810 24
1960 1 6564 11 17165 24
4193 1 12260 11 18030 24
8945 1 17711 11 19259 24
11019 1 10681 12 7017 25
13697 1 11741 12 13295 25
16485 1 5380 13 14419 25
16933 1 N582 13 14929 25
650 2 15927 13 1448 26
3328 2 2017 14 2769 26
9394 2 5068 14 7190 26
10597 2 15199 14 9076 26
14543 2 16346 14 13813 26
1-7858 2 6764 15 15880 26
10587 3 11838 15 18059 26
1682 4 7547 16 4791 27
3020 4 10982 16 6690 27
3893 4 4136 17 472 28
8376 4 9638 17 1186 28
19468 4 18987 17 3029 28
7736 5 5972 13 6686 28
9080 5 9509 18 8662 28
13081 5 9775 18 8706 28
15249 5 9836 18 13882 28
15487 5 17685 18 16923 28
2265 6 17900 18 17928 28
8268 6 10832 19 11643 29
16123 6 18084 19 352 30
17211 6 715 20 2421 30
17236 6 3542 20 14612 30
17988 6 4267 20 15556 30
1983C 6 6973 20 15608 30
186 7 18913 20 15919 30
658 7 l 3906 21 19278 30
12323 7 11341 21 19731 30
13157 7 14852 21 13169 31
14085 7 15676 21 14247 31
3841 8 2402 22 14499 31
4568 8 3899 22 9619 32
13769 8 7667 22 13230 32
15923 8 19976 22 14687 32
18188 8 953 23 19951 32
8289 9 1246 23 1381 33
13036 9 2770 23 11012 33
14651 9 9191 23 14270 33
16281 9 10286 23 18145 33
18000 9 11471 23 18543 33
3729 10 16579 23 731 34
4794 10 6340 24 2014 34
8859 10 6437 24 4073 34
18728 10 6891 24 4589 34
19842 10 11594 24 8030 34
Izmaksajamo un izdzēšam
49 303 654 859
1368 2019 2041 2222
2900 3282 3401 3554
5466 5477 5627 6047
6996 7016 7097 7152
9770 9953 10712 11218
12924 13423 14093 14095
15077 15750 15845 16410
17362 17508 17685 17904
19713 19747 199U.
Labas laimes lasitajiem!
Aēr. Biļ. Sēr. Biļ.
11502 34 9693 41
18366 34 13753 41
721 35 18226 41
2168 35 9982 42
5393 35 16186 42
10427 35 3955 43
13520 35 5249 43
15325 35 9931 43
485 36 11767 43
2002 36 12862 43
8645 36 17273 43
12610 36 18047 43
12710 36 18917 43
15993 36 8838 44
16917 36 10019 44
19422 36 15982 44
4991 37 18338 44
8627 37 7983 45
10076 37 16173 45
15399 37 16616 45
13687 37 19800 45
2089 38 1542 46
3244 38 9002 46
12727 38 18742 46
15091 38 2379 47
16352 38 3477 47
17323 38 8451 47
256 39 8956 47
555 39 13229 47
751 39 16005 47
1790 39 16915 47
3978 39 18327 47
8323 39 1359 48
10421 39 12143 48
19524 39 18421 48
1237 40 19006 48
1401 40 19708 48
1593 40 10051 49
1810 40 10952 49
2471 40 11130 49
7812 40 11732 49
13662 40 15592 49
13851 40 1994 50
14692 40 10296 50
15130 40 12282 50
15988 40 14092 50
490 41 14536 50
2299 41 15304 50
3158 41 17428 50
4439 41 17873 50
6058 41 17927 50
8560 41 19225 50
o viļetu nummuri:
904 989 1343
2471 2580 2865
4459 4959 5078
6751 6807 690C
7865 8017 8583
11398 11424 11855
14153 14866 14982
16580 17082 17342
18169 19176 19459