Labas laimes lasitajiem!
Pebterburga. 1. Merc. 20. milksckana no otrabs 5 procentes malstsaislienešanas- biļlclebm tie lielakie roinnesti uz šiem nummuriem izmiļ^a:
200.000 rubļ. uz 7923—42. 75.000 rubļ. uz N314—7, 40.000 rubļ. uz 4297— N. 25.000 rubļ. uz. 9057—26.
3 roinnesti pa 10.000 rubļ. uz 18725—4. 19319—22. 6085—3. 5 Vinnesti pa 8000 rubļ. uz 4115—21. 13734—14. 7416—17. 7910—49, 7289—11.
8 vin"tttt pa 5000 rubļ. uz 6984—43. 11519—22. 10882—22. 16926— 27. 3108—3. 13761—15. 1022—24. 16257—31.
?0 winnciti va 1000 rubļ. uz 12974—41. 10667—26. 11612—22. 11162
—35. 12135-41. 1647-48. 18853—20. 12569-11. 17010—15. 6103
—47. 8688—12. 11020—23. 296—37. 14308—20. 559—30, 2166—48. 6693-4. 13814-18. 539—18. 13968-14.
Pa 500 rubļ. roinnesti:
-Gēr.Biķļet. -Sēr. BiSct. ķēr.BiSet. ķchr.BiSet. -Sebr.BiSet.
15955 40 4952 47 12708 35 1432 23 3319 19
6835 17 215 21 4709 30 14901 39 4289 7
12813 44 1525 10 5177 8 – 5774 24 14714 47
6915 35 7904 17 5103 8 9575 3 8732 7
1830 5 8681 39 9510 18 9706 13 12745 31
19352 40 3940 22 17269 47 19017 7 14716 35
6596 10 2905 9 826 12 16802 15 3182 36
623 11 6030 16 13941 26 6231 38 4766 41
7892 20 9868 41 15378 49 4359 48 17546 34
18767 50 14287 15 2484 25 10032 34 7004 16
508 16 12665 50 15262 9 11070 22 3302 23
6395 38 3831 45 6907 5 5895 28 10241 14
9230 23 4264 16 2850 12 9953 15 31 20
8178 19 4937 47 12501 16 13462 32 1176 4
1188 10 13947 10 5712 39 3803 22 2066 27
6074 34 2003 44 16556 25 9476 36 16363 34
17141 7 11793 26 17736 4 15178 10 12221 50
17447 39 15430 15 5465 21 3350 13 17021 24
6488 36 8407 40 7744 34 8542 6 8907 22
12715 6 4243 13 4873 47 18784 21 2295 42
11711 17 19230 12 5565 29 18229 46 3227 17
10010 7 15113 38 1622 13 2513 13 10414 28
13562 9 19451 40 8947 2 6067 38 7509 5
8215 16 3837 22 10575 17 2293 40 4808 26
14226 22' 5729 31 13282 12 6442 45 13340 42
818 14 18809 1 7581 34 2382 41 N056 35
5575 5 916 13 19385 4 19554 30 9228 6
16083 3 1670 26 12041 25 6322 6 6257 33
10933 44 8984 8 5490 40 19864 3 15522 17
5215 13 3444 31 802 19 7905 37 4204 7
15683 8 13741 47 14051 22 15269 31 11217 8
14305 31 9791 23 6562 17 11149 22 19306 41
7224 37 6918 8 3832 50 3431 35 3448 28
13608 37 6385 38 8649 15 19760 4 3162 9
16767 35 17110 9 14389 39 13439 10 6897 46
11264 17 11955 44 7234 5 2503 4 1188 18
2642 12 4849 14 4399 4 14455 33 8417 26
17493 18 17877 12 10199 27 1051 31 14619 49
12332 18 376 20 1008 31 9814 4 12806 28
1610 35 14834 27 2600 12 11540 17 15313 23
16502 16 6342 48 17865 42 2308 33 6946 34
5461 6 15401 25 12545 21 4510 2 7424 6
4383 13 1779 5 9189 42 17876 32 8284 5
2852 3 11949 26 10057 34 5440 15 18211 38
15146 26 14302 20 15543 41 10464 .27 17116 18
13350 20 16526 27 2286 18 1736 28 10441 43
5800 36 9227 32 15347 4 6276 10 2698 20
6564 21 17012 38 15385 44 14004 39 5910 1
1481 37 11692 30 8375 23 4120 34 12999 5
9670 43 18327 24 8075 12 1056 32 11707 6
6335 34 15622 1 13847 31 3305 47 14180 34
13396 15 14581 12 9413 4 8029 33 2045 25
Jsmaksajamo un izdzcbšamo biLetu nummuri:
16922 2392 12792 18196 14493 2773 7253 7915 6797
11351 16677 16954 10229 3652 16572 11522 1751 14419
12224 514 4644 17780 18361 14833 8887 18629 7797
2433 19015 7357 14330 5308- 17999 12477 12376 4442
6619 7940 16024 18929 18581 4521 6643 8049 13955
19959 10046 17098 1821 18924 4760 19200 11944 19895