Labas laimes lasitajiem!
1. Martā li. 5 procciltu prēmiju aii,tel)iuumu izlosejot miuucsti krita uz šādeciu iluiumurecui: Vinncsti Sr. Nr. 200.000 rbļ. 1.257 34 75 Ş . 10.446 49 40,000 ķ 10.658 I I 25.000 " 19.387 46 Viuaesti ā 10.000 rbļ. sebr. biļ. sēr. biļ. sebr. biļ. 130 44 6,140 30 19,456 42
Vinuesti ā 8000 rbļ. sthr. biļ. sēr. biļ. sebr. biļ. 7.858 26 10.049 7 13,362 23 8,254 44 11.996 47
Vinuesti ā 5000 rbļ.
sebr. biļ. sēr. biļ. sēr. biļ. sēr. biļ. 1,283 5 13.773 4 17,491 23 18,190 27 9,183 10 16,978 20 17.511 44 19,910 17 Viuucsti ā 1000 r.
sēr. biļ. sēr. biļ. sēr. biļ. sēr. biļ. 1.652 9 6,909 14 9 048 50 18,216 50 4,218 23 7,392 36 10.452 27 18.809 16 5,513 12 8,284 18 13,439 27 19,449 26 5.919 16 8.464 29 18.078 10 19.704 42 6,794 18 8,907 23 18.149 44 19,822 11 Vinnesti ā 500 rbļ.
sebr. biļ. sebr. biļ. sēr. biļ. sēr. biļ. sēr. biļ. 93 7 4895 3 9108 33 13029 49 16548 42 120 4 4948 38 9153 36 13061 3 16709 11 151 28 4954 2 9162 1 13076 43 16715 9 368 27 5062 28 9187 34 13079 11 17209 39 429 2 5065 1? 9228 19 13147 36 17310 49 491 41 5074 8 9423 10 13150 32 17358 23 507 12 5229 9 9466 2 13211 1 17585 45 512 38 5298 27 9497 29 13224 37 17638 1 519 31 5404 44 9556 47 13298 14 17649 b 593 15 5527 39 9714 40 13428 2 17693 1 613 13 5745 22 9801 26 1345,5 16 17702 48 692 21 5795 39 9852 40 13476 49 17755 20 725 8 5826 12 9963 41 13503 31 17791 17 741 35 6265 17 10195 16 13609 17 17924 46 839 47 6292 35 10279 49 13729 40 17984 12 1059 5 6369 41 10295 39 13800 4 18042 12 1115 46 6406 33 10319 46 13950 50 18052 7 1205 3 6479 9 10334 44 14192 39 18141 14 1294 48 6696 12 10410 6  9 18178 48 1307 15 6713 12 10539 12 14215 40 18309 23 1386 43 6777 38 10677 26 14217 50 18320 26 1670 49 6827 1 10682 42 14368 26 18354 15 1715 48 6843 38 10695 5 14416 31 18367 46 1779 5 6949 6 10778 46 14449 3 18373 2 1980 49 7063 41 11124 48 14460 15 18395 11 2004 34 7109 6 11,28 25 14467 5 18426 17 2208 22 7231 20 IUB7 36 14644 46 1851s 2 2232 9 7242 23 11201 9 14671 43 1&gt;571 7 2485 16 7547 30 11219 13 14736 28 18624 4 2553 21 7637 6 11268 50 14777 38 18675 17 2580 19 7657 40 11277 18 14816 12 18792 33 2873 22 7672 48 11461 46 14837 44 18839 42 3004 21 7801 50 11492 35 15056 18 18875 41 3070 25 7807 18 11633 31 15078 22 18878 29 3106 11 7904 33 11700 3 15189 15 18931 34 3368 1 8013 29 11905 30 15585 32 18933 21 3425 46 8045 5 12053 27 15670 42 18966 24 3449 37 8111 10 12098 22 15676 8 19011 40 3518 24 8146 8 12108 35 15804 43 19241 2 3617 25 8263 29 12172 3 15860 27 19271 49 3687 24 8327 8 12192 31  17 19419 42 3736 38 8375 3 12214 8 16067 14 19433 36 3760 38 8449 28 12308 2 16091 11 19440 40 3896 38 8504 38 12319 20 16120 12 194&gt;0 49 4009 28 8571 37 12407 17 16292 21 19523 36 4027 29 86S0 45 12441 19 16368 29 19655 16 4085 4 8632 19 12469 14 16371 3 19665 50 4264 50 8666 28 12488 26 16407 28 19697 34 4297 7 8852 24 12835 27 16421 28 19740 12 442 12 8854 19 12940 11 16506 1 19903 16 4420 26 8867 13 1-941 47 16515 45 19950 20 4468 1 9086 14 13025 5 16524 47 19993 24
Amortisetas tita šādas sērijas:
10 2649 5565 8624 11830 14838 17738
34 2669 5714 9062 12022 15360 17803
168 2691 5723 9082 12037 15385 17818
389 2947 6124 9411 12085 15495 17875
577 3392 6184 9598 12139 15622 17904
724 3479 6270 9613 12228 15629 17996
1050 3533 6271 10195 12735 15696 16395
1275 3872 6470 10312 12916 15720 18621
1468 4002 6734 10319 13691 15869 18955
1706 4301 6745 10474 13751 15904 18978
1725 4696 7422 10532 13884 15980 19519
1897 4709 7644 10600 13932 16025 19775
2016 5031 7792 10893 13951 16243 19839
2037 5038 8039 11569 13960 16972 19873
2373 5126 8050 11670 14074 17158
2531 5543 8394 11675 14674 17422