Labas laimes lasitajiem!
sirerburgā, 2. Janvarī. Žodien, pirmo 5-proc. iekšejo prchmiju aizlieņu izlosejot, minnesti krita uz šādecm nummuriem:
200,000 rubļ. uj sēr. 15,795 Nr. 4 75,000 ķ " 2,640 " 40 40.000 " ķ " 6,153 " 35 25.000 " " " 10,071 " 6
3 vinnesti ā. 10,000 rubļ. uz sēr. 19,664 Nr. 47, sēr. 13,955 Nr. 34, šr. 3,022 Nr. 47.
5 vinnesti ā 8000 rubļ. uz sēr. 2,790 Nr. 37, sēr. 8.343, Nr. 21, sēr. 1,561 Nr. 8, sēr. 13.146 Nr. 17, sēr. 1,414 Nr. 42.
8 vinncsti ā 5000 rubļ. us sēr. 13,400 Nr. 38, šr. 7112 Nr. 43, sēr. 7109 Nr. 2, sēr. 14,834 Nr. v, šr. 16,920 Nr. 28, sēr. 18.904 Nr. 8, šr. 10,242 Nr. 24, sēr. 16,742 Nr. 45.
20 vinnestu ā. 1000 rubļ. uz sēr. 5103 Nr. 6, sēr. 16,163 Nr. 35, sēr. 17,751 Nr. 7, sēr. 413 Nr. 1, sēr. 3.331 Nr. 47, sēr. 14733 Nr. 31, sēr. 18,173 Nr. 24, srhr. 5,591 Nr 42, sēr. 287 Nr. 12, sēr. 8922 Nr. 36, sēr. 14,796 Nr. 43, sēr. 16.877 Nr. 41, sēr. 18.777 Nr. 5, sēr. 16,218 Nr. 39, šr. 8,831 Nr. 46, sēr. 18,839 Nr. 18, sēr. 11,549 Nr. 30, šr. 2,810 Nr. 37, sēr. 11,895 Nr. 8, sēr. 14,441 Nr. 17.
Vinnesti pa 500 rubļiem:
sēr. biļ. sthr. biļ. sēr. biļ. sēr. biļ. sēr. biļ. 5 35 3.588 16 8 229 6 11.644 45 16.190 41 8 34 3.610 6 8.385 33 11.660 8 16.275 48 66 41 3.734 29 8.394 23 11.730 41 16.378 30
84 39 3.813 9 8.543 16 l 1.882 4316.447 25
85 13 3.905 34 8.615 42 11 946 3516.571 39 123 20 4.036 14 8.781 39 11.962 21 16.635 3 135 15 4.088 38 8.866 18 N. 988 33 16.723 28 191 41 4.167 38 8.914 23 12.013 4516.811 23 273 18 4.192 15 9.011 9 12.162 20 16.911 44
286 12 4.390 6 9.049 46 12.222 14 16.959 40
287 42 4.515 12 9.113 34 12.435 45 17.207 32 388 14 4.530 38 9.141 6 12.465 7 17.441 40 408 37 4.556 34 9.146 49 12.698 2317.567 46 491 24 4.729 45 9.208 22 12.729 9 17.593 18 517 29 4.802 36 9.230 33 12.775 4317.930 34 645 18 4.872 4 9.236 5 12.776 15 17.972 2 683 33 5.031 7 9.256 14 12.958 6 18.001 33
721 28 5.193 44 9.285 8 12.979 3018.254 50
722 3 5.219 48 9.293 18 13.035 35 18.508 4 815 28 5.263 5 9.309 1 13.057 13 18.581 28 882 27 5.34 i 13 9 385 50 13.094 418.614 33 948 23 5 454 44 9.652 50 13.255 37 18.655 49 986 31 5.553 41 9.726 43 13.292 26 18.674 1
1.096 22 5 576 41 9.934 19 13.320 1 18.696 10 1.260 26 5.615 41 10.043 3 13.401 47 18.852 18 1.279 47 5.865 18 10.197 29 13.410 41 18.882 14 1.396 41 5.873 11 10.267 22 13.560 48 18.924 5 1.462 11 5.934 21 10.308 2 13.651 33 18.973 43 1.471 15 5.949 30 10.321 34 14.070 4319.023 27 1.694 17 6 060 30 10.494 20 14.169 2919.023 45 1.760 23 6.080 32 10.495 32 14.245 40 19.129 48 1.813 35 6.133 22 10.499 45 14.430 39 19.173 40 2.015 36 6.234 25 10.556 5 14.460 21 19.180 33
2 021 24 6.516 7 10.595 21 14.655 31 19.204 26 2.077 19 6.624 32 10.612 39 14.759 41 19.257 41 2.084 46 6.904 28 10.644 17 14.772 40 19.259 20 2.153 6 6.909 26 10.664 12 15.002 25 19.263 1 2.162 42 6.939 16 10.789 3 15.209 37 19.290 13 2.193 19 6.959 20 10.829 48 15.298 29 19.343 44 2.216 17 6.990 21 10.892 10 15.354 4519.420 30 2.328 10 7.106 311.127 50 15.457 32 19.458 49 2.489 31 7.162 1011.165 35 15.461 44 19.458 50 2.509 17 7.326 38 11.182 39 15.703 219.477 6 2.649 5 7.47 i 2611.224 48 15.738 319.621 46 2.670 18 7.523 50 11.257 30 15.764 919.713 32 2.705 24 7.777 2511.323 45 15.790 2019.737 28 2.877 29 7.871 29 11.370 36 15.821 25 19.755 45 3.014 30 7.890 19 11.401 31 15.842 19 19.858 49
3 038 13 8.026 5 11.532 36 15.884 8 19.895 28 3.172 44 8.128 3 11.562 17 15.855 3 19.897 23 3.226 42 8.132 15 11.573 40 16.021 38 19.932 11 3.507 28 8.194 1611.593 38 16.137 3 19.976 29
Jsnīcinatas tika šādas lw sērijas: 1177.8766. 15.965. 16.713. 2044. 3584. 4027. 1737. 6037. 5397. 2516. 13.648. 11.502. 16.601. 4210. 10 662. 5382. 13.372. 6723. 3032. 9424 17.209. 4880. 7110. 11.505. 1510. 4045. 1355. 7979. 4360. 1689. 10.098. 11.068. 8063. 9364. 16.409. 9710. 3371. 9562. 6011. 4772. 5063. 3345. 3003. 13.312. 3004. 19.428. 5680. 17.967. 3308. 17.532. 14 210. 15.340. 17.013. 9728. 808. 4156, 5217. 3564. 18.302. 13.027. 2751. 1455. 12.475. 9232. 7882. 11.764. 3785. 18.146. 11.679. 2903. 1918. 13.363. 12.456. 4317. 12.156. 18.854. 13.414. 7540. 6665, 2858. 14.814. 8574. 16.263. 15.792. 14.337. 7551. 1783. 5455. 17.513. 15.802. 14.540. 7214. 15.011. 10.029. 8529. 4279. 17.726. 17.334. 10.978. 9419. 4424. 2582. 2862. 8261. 3404. 3907. 187. 8442 3664.