19
ķviSpasaules satiksmes kouserenci
valdiba nolēmusi sasaukt M a s ka vā, kur apspriedīs par Rietrumu Eiropas, Ainas un apkārtpasaules satiksmi caur Şibiriju Konserencē piedalisies priekšttāvji no dzelssceļa un tvaikoņu sabiedribam no Eiropas, Austrālijas un Amerikas.
Uz 21 sebruāra šēlastibas manisesta
pamata otsmabinati pa visu malsti ap 44,500 arestantu, to starpā ap 7000 katordsneeku, ap 1.8,000 no arestantu rotām, ap 16,000 cietumneeku, 158 no arestā "eliktiem, ap iOOO no iepriekšejas izmeNešanas cietumiem u. t. t.
Par 200,000 rubļu iskrāpšanu
Pottavā 3. maijā iesāka prāmu pret smēnnatu adwokatu Moisemu. M"neto sumu viņš ar miltotiem dokumentiem izkrāpis no mietejas semes bankas. Jssaukti 2:\ liecinieki.
Vinuesti
Muišneeku agrarbantas 5 procentu kīlu sthmju izlosejumā 500 minnesti krita uz sekošām sērijām un
numuriem:
rija Nr 48 35 64 17 88 33 96 1
Şerija Rr. 3830 40 3866 38 3889 13 3943 25 Şerija 7900 7095 8100 8104 Nr. 10 43 5
16
Şerija Nr. 11339 1 11363 46 11465 15 11433 18
136 s 4059 31 8114 19
11543 20
rija Nr 48 35 64 17
88 33 96 1
Şerija Rr. 3830 40 3866 38 3889 13 3943 25
136 s
4059 31
Iekšceme.
Şerija 7900 7095 8100 8104
Nr. 10 43
5
16
8114
sērija Nr 256 46
Şerija Nr. 4139 48 Ģerija Nr. 8128 18 Sērija Nr. 11544 29
363 29 4252 6 8142 44 11726 24
403 15 4262 23 8150 6 11742 26
456 30 4533 14 8160 5 11745 21
512 23 4633 23 8173 45 11832 40
613 25 4539 7 8345 39 11832 49
663 16 4714 8 S362 47 11848 6
717 6 4753 29 8405 t7 11909 48
834 23 4761 36 8440 30 11952 16
895 3 4789 8 8679 21 12003 36
1289 44 4890 30 8936 13 12093 6
1304 48 4918 23 9020 23 12142 15
1308 40 5185 49 9039 25 12378 22
1325 i3 1379 21 1434 44 5238 12 5268 45 5283 4 9161 38 9197 1 9214 39 12473 47 12474 19 12538 13
1450 46 5369 17 9281 0 12567 42
1462 1 1493 33 6406 27 5427 19 9332 37 9848 23 12596 4 12615 15
1521 24 5530 40 9866 26 12667 26
1592 23 5555 41 9455 5 12709 43
1620 29 5684 4 9460 28 128 23 17
1657 26 5687 29 9516 8 13044 10
1680 42 5719 14 9634 1 13124 26
1770 30 5768 8 9775 26 13164 43
1775 21 5787 18 9836 19 13192 46
1790 5 5S16 21 9832 47 13199 19
1823 38 5919 6 9889 7 13287 44
1863 24 5959 48 9943 16 1337s 21
2010 25 2011 15 2115 44 5978 50 6014 35 6024 17 10006 8 10032 9 10037 4 13509 6 13536 46 1358H 24
2136 28 2183 36 2194 44 6134 7 6256 34 6329 18 10080 39 10085 32 10111 33 13659 47 13676 14 13692 36
2200 4 2244 21 2275 33 2303 18 ' 2324 32 6396 5 6469 21 6480 4 6502 45 6722 43 10130 49 10155 43 10246 5 10338 41 10414 8 13847 29 14018 39 14100 20 14204 40 14303 5
2335 33 6724 17 10441 15 14416 14
2340 37 6792 7 10469 4 14506 36
2591 5 6832 34 10514 20 14519 85
2512 19 6915 35 10520 39 14562 33
2649 5 6937 16 10607 25 14652 87
2787 28 7132 3 10640 23 14935 20
2836 9 7134 22 10640 40 14997 43
2845 29 2940 23 3044 2 7242 22 7428 29 7462 9 1.0717 12 10762 40 10815 48 15045 85 15164 15 15248 .7
3149 29 7484 45 10922 38 15261 40
3213 25 7487 16 11003 7 15272 12
3215 44 7547 29 11009 8 15328 22
3228 42 7629 2 &gt; 11031 20 15882 38
3360 2 3431 26 7640 20 7730 32 11032 29 11045 38 15290 22 15406 42
3489 11 3539 19 7745 30 7784 50 11094 8 11154 16 15447 44 15842 11
3745 16 7813 12 11191 21 15904 1
3791 45 7860 14 11337 8 15944 21
sērija Nr
256 46
363 29
403 15
456 30
512 23
613 25
663 16
717 6
834 23
895 3
1289 44
1304 48
1308 40
1325 i3 1379 21 1434 44
1450 46
1462 1 1493 33
1521 24
1592 23
1620 29
1657 26
1680 42
1770 30
1775 21
1790 5
1823 38
1863 24
2010 25
2011 15 2115 44
2136 28 2183 36 2194 44
2200 4 2244 21 2275 33 2303 18 ' 2324 32
2335 33
2340 37
2591 5
2512 19
2649 5
2787 28
2836 9
2845 29 2940 23 3044 2
3149 29
3213 25
3215 44
3228 42
3360 2 3431 26
3489 11 3539 19
Şerija Nr. 11339 1 11363 46 11465 15 11433 18
3745 16
3791 45
Kņasa Drucka-Lubecka nogalinašauas lietā
ziņo no V i l ņ a s, ka izdarita izmeklešana par mē-
11543 20
Şerija Nr. 4139 48
Ģerija Nr. 8128 18
4252 6
8142 44
4262 23
8150 6
4533 14
8160 5
4633 23
8173 45
4539 7
8345 39
4714 8
S362 47
4753 29
8405 t7
4761 36
8440 30
4789 8
8679 21
4890 30
8936 13
4918 23
9020 23
5185 49
9039 25
5238 12 5268 45 5283 4
9161 38 9197 1 9214 39
5369 17
9281 0
6406 27 5427 19
9332 37 9848 23
5530 40
9866 26
5555 41
9455 5
5684 4
9460 28
5687 29
9516 8
5719 14
9634 1
5768 8
9775 26
5787 18
9836 19
5S16 21
9832 47
5919 6
9889 7
5959 48
9943 16
5978 50 6014 35 6024 17
10006 8 10032 9 10037 4
6134 7 6256 34 6329 18
10080 39 10085 32 10111 33
6396 5 6469 21 6480 4 6502 45 6722 43
10130 49 10155 43 10246 5 10338 41 10414 8
6724 17
10441 15
6792 7
10469 4
6832 34
10514 20
6915 35
10520 39
6937 16
10607 25
7132 3
10640 23
7134 22
10640 40
7242 22 7428 29 7462 9
1.0717 12 10762 40 10815 48
7484 45
10922 38
7487 16
11003 7
7547 29
11009 8
7629 2 &gt;
11031 20
7640 20
7730 32
11032 29 11045 38
7745 30 7784 50
11094 8 11154 16
7813 12
11191 21
7860 14
11337 8
Sērija Nr. 11544 29
11726 24
11742 26
11745 21
11832 40
11832 49
11848 6
11909 48
11952 16
12003 36
12093 6
12142 15
12378 22
12473 47
12474 19 12538 13
12567 42
12596 4 12615 15
12667 26
12709 43
128 23 17
13044 10
13124 26
13164 43
13192 46
13199 19
13287 44
1337s 21
13509 6 13536 46 1358H 24
13659 47 13676 14 13692 36
13847 29 14018 39 14100 20 14204 40 14303 5
14416 14
14506 36
14519 85
14562 33
14652 87
14935 20
14997 43
15045 85 15164 15 15248 .7
15261 40
15272 12
15328 22
15882 38
15290 22 15406 42
15447 44 15842 11
15904 1
15944 21
ģinajumu kņasu nosāļot 1901. gadā, pie kam izrādijies, ka toreis mēģinats nogalināt ne viņš, bet gan viņi brālens Fēlikss. Vainigec toreis izsinati un sodīti.
Pēterburga Vesela rinda slāvu manisestaciju dalibneeku pilsētas priekšneeks nosodijis par demonstratwu uzstāšanos pret policiju pie Kasaņas katedrāles uu citur. Nosoditiem lielakā daļa ir studenti, bet starp citiiem ari kādz palkavneeks Jetūinacs, kurš sooits ar 40 rdļ., un kādz kolēģiju padomneeks.
Taganroga. Izdedsis vecais basars. Saudējumi ir mtlsigi.
Şchitomira. Apcietinats semes ierīcibas kovisijas sekretārs Storošemskis. Iemesls nav zinams.
Ştavropoķe. Vīriešu ģimnasijā. kur ncsen ewainoja direktoru Bulitšemu, 26. aprilī roisi koridori un viena klase izlaisnti ar kādu smirdošu šķidrumu. Tūliņ sasaukta pedagoģistā padome. Ģlmnasijā ieradies gubernators, kurš siolenus uzaicinajis būt prātigiem.
Ķubaņa. Şchinīs dienās Jeļateriņinas sādšā noticis gandrīz neticams gadijums. Atslēdsneeks Braslenko, kuŗš apcietinats kā dedsinataji, aresta tcļpās izsilis logu un ar stikla gabalu uzšķērdus sev vēderu, izņēvis ārā kunģl un sarnas, ar to pašu stikla gabalu sagraisijis tas un saturu izkratījis uz grīdas. Sad policisti pašnāvibu ieraudsijuši, bijis jau par vēlu. Asinim applūduša Braslenko iemietojuši slimnicā, brūces izmasgajuši, ielikušl iekšas atpakaļ un kuņģi un mēderu Ļ šuvuši. Bet Braslenko, atjēdsies, noplēsis apsējumus. Pēc tam Braslenko mests uz Pavlovat sl'mnicu; ceļā viņš atkal centies noplchst apsējumus un atdabūt brūces vaļā.