Labas laimes lasitajiem!
Pēterburga, 1. Merc. 22. milkšana no otrās 5 procentes malstsaislienešanas biļļetēm tie lielakie Vinnesti uz šiem nummuriem iznāca:
200.000 rubļ. uz sēriju 10193—38. 75.000 rubļ. uz 4553-46, 40.000 rubļ. uz 6269—9, 25.000 rubļ. uz 4825-42.
3 Minnesti pa 10.000 uz 14053—11, 15138—40, 17869—30.
5 Minnesti pa 6000 rubļ. uz 8282—48. 14735—42, 16605—20. 17233— 20, 19523—20.
8 Minnesti pa 5000 rubļ. uz 490—49. 2370—2, 7625—38. 9036—28. 10703—31. 11401—21. 19069—14. 19853—32.
20 Minnesti pa 1000 rubļ. uz 879—19. 2097—45. 2998—22. 3170-8, 3361—45, 6914-25. 7687—13, 7802—20, 8913-1. 10278—23. 10993— 43. 11628—35. 11937—5, 13338—10, 13358—14, 16089—15, 16941—22, 17711-32, 18240—16. 18766—19.
Pa 500 rubļ. minnesti:
Ģēr. Biļļet. ķēr. Biļļet. -Sēr. LiSet. Biļļel. -Sēr. BiSet.
39 16 4424 13 7899 19 11646 24 15898 38
83 29 4454 18 7903 43 11675 10 16004 5
377 23 4493 40 7905 48 11775 44 16272 40
392 36 4598 34 7969 42 11792 24 16372 24
396 41 4764 6 8029 27 11794 34 16415 14
439 11 4959 26 8040 36 11851 43 16425 2
455 20 5039 6 8254 3 11859 45 16655 32
494 10 5083 15 8291 33 11917 23 16700 44
627 50 5103 4 8346 6 11927 6 16762 30
782 '-8 5182 29 8381 19 11951 14 16919 20
801 20 5186 37 8586 30 11976 39 17025 48
806 16 5227 11 8700 14 12004 19 17050 31
8?9 2 5239 22 8773 12 12029 3 17070 28
855 18 5315 27 8778 31 12048 11 17112 19
975 28 5437 18 8829 18 12089 4 17165 23
1023 16 5457 50 8957 50 12375 17 17238 4
1027 24 5566 50 9140 39 12641 43 17289 22
1043 28 5606 24 9142 43 12747 36 17388 21
1071 28 5712 33 9159 10 12873 29 17392 21
1151 19 5723 26 9189 12 12891 33 17438 26
1214 12 5789 50 9370 30 13192 12 17454 11
1535 6 5993 29 9458 17 13238 32 17600 33
1619 20 6016 45 9501 24 13295 20 177U1 18
1761 15 6072 12 9530 35 13351 10 17754 14
1810 36 6131 27 9588 34 13423 46 17886 41
1882 41 6149 24 9687 45 13533 12 17998 15
1920 17 6169 31 9694 15 13542 36 18037 23
1972 20 6353 2 9859 12 13835 26 18204 30
1990 25 6474 27 9931 33 1390t 9 18222 49
2084 3 6498 21 10008 15 13906 29 18320 31
2249 45 6604 4 10016 1 14085 13 18329 7
2293 46 6605 16 10037 38 14098 11 1L365 46
2296 41  2 10090 11 14139 24 18424 2
2309 40 6813 5 10191 28 14174 16 1d668 42
2538 44 6834 1 10236 27 14190 49 13839 12
2878 42 6900 24 10351 7 14406 42 18930 2
2890 17 6921 25 10397 8 14432 16 19202 41
2977 9 6927 40 10448 19 14529 25 19206 6
3007 48 7056 9 10665 50 14679 15 19211 40
3014 22 7126 9 10713 40 14855 50 19230 27
3558 29 7176 36 10865 35 14946 14 19268 28
3613 14 7259 2 10956 37 15110 21 19310 11
3685 33 7290 38 10973 31 15195 14 19357 43
3702 31 7393 4 11006 25 15199 14 19418 36
3945 12 7423 34 11076 8 15437 14 19501 5
4014 57 7434 45 11088 44 15443 40 19544 48
4062 24 7569 29 11191 20 15727 47 19583 30
4113 47 7672 39 11390 12 15761 31 19660 48
4261 35 7709 44 11422 30 15779 10 19749 9
4263 27 7741 34 11434 43 15784 35 19771 32
438 i 24 7764 13 11564 47 15316 25 19781 2
4418 48 7898 30 11645 43 15867 19 19862 41
Jsmaksajamo un izdzēšamo biļļetu nummuri:
441 1505 5372 6814 9442 11770 13918 16532 17483
568 2053 5430 7129 10270 22245 14394 16602 17795
709 3465 5541 7784 10837 12476 14748 16952 18243
783 3698 6285 9142 11336 12854 15224 17056 19259
1069 5007 6492 9149 11428 12978 15924 17116 19533
1498 5351 6562 9322 11472 13728 16473 17176 19621