Labas laimes lasitajiem!
Pchterburgā, 2. lanvarī. Žodien. izlosejot pirmo 5-procentu iekšejo prel'miju aizlieņu. "innesti krita uz šādiem nummuriem: Ķ.OOO rubļ. uz sēriju 8193 Rr. 5. 75.000 . . " 19.909 " 18. 40 000 . . . 19.736 . 8. 25.000 . . . 1036 . 8. 3 vinnesti 10.000 rubļ. uz sebriju 11.509 Rr 20. sēr. 12.080 Rr 4. sēr. 15.426 Nr. 25.
5 vinnesti 8000 rubļ. uz sebriju 4167 Nr. 22. sebr. 9995 Nr. 35. sēr. 10.010 Nr. 40. sēr. 17.881 Nr. 8, sēr. 19.288 Rr. 16.
8 vinnesti " 5000 rubļ. uz sēriju 1033 Nr. 12. sēr. 4408 Nr. 16. sēr. 5598 Nr. 20. sēr. 7466 Rr. 22. sēr. 15 239 Nr. 8. sēr. 15,269 Nr. 5. sēr. 15.385 Nr. 18. sēr. 18.408 Rr. 40. –
20 vinnestu IŞ rubļ. uz sēriju 243 Nr 47. sēr. 1787 Nr. 39. sebr. 2327 Nr. 2. sebr. 3868 Nr. 13. šr. 4403 Nr. 48. sēr. 5210 Nr. 37. sēr. 6304 Nr. 34. sebr. Nr. 36. sēr. 10.160 Nr. 26. sēr. 10.713 Nr. 43. sēr. 12.307 Nr. 3. sēr. 13.540 :Vr. 39. sthr. 14.583 i'.'&gt;Ş ~!'&gt; 1.V1.i.j Ui.lī'2 Nr. 11. sēr. 16.538 Nr. 34.
s.-ļ'.. N. Nr 40. sebr. 17.300 Rr. 36. sēr. 17.400 Nr, 6. sā
Vīnnesti pa 500 rubīiem.
sēr. biļ. sēr. bīī. sēr. biļ. sēr. bit. sēr. bit.
55 32 4.344 40 7,912 50 ļ 11,959 4" 16.116 25
125 35 4.555 6 7.926 31 11,973 l 16,136 19
238 8 4.6?! 21 7,959 43 12,040 24 16.178 40
307 6 4.742 40 ' 8,096 32 12,424 7 16,235 47
322 27 4.951 18 8.159 45 12,541 46 16.259 38
465 50 5,009 22 8.404 19 12.560 34 16,313 27
584 45 5.017 48 &gt; 45 12,602 48 ļ 16,327 43
612 23 5.097 I 8.612 40 12.628 22 ! 16,380 35
705 35 5,113 3 8,719 9 12,798 2 16.407 30
708 7 5,265 14 8,724 10 12,804 22 16.445 45
1.004 14 5.484 33 8,747 23 12,811 29 16.565 1 1.028 8 5.506 40 8,753 16 12,826 31 16,578 31 1.042 14 5,678 9 8759 21 12,831 34 16.634 2 1.067 5 5,740 35 8,857 41 12,849 35 16,772 33 1.137 30 5,768 19 8,981 37 13.067 21 16.776 42 1.373 33 5.801 32 8,995 28 13.165 18 16,901 34
1.442 50 5.977 4 9.101 20 13.253 48 17.000 26 1.461 45 5.988 32 9.113 36 13.261 8 17.070 28 1.491 41 6.025 29 9.12? 48 13.321 29 17.252 40 1.518 41 6.076 49 9.203 3 13,674 40 17.279 4 1.537 4 6.242 39 9.205 36 13.714 39 17.367 40 1.646 3 6.269 29 9.245 17 13.951 28 . 17.430 16 1845 1 2 6.273 2 6 9,352 34 14.006 9' 17.569 13 1.846 13 6,293 10 9.627 4 14.151 10 17 575 14 1.917 47 6.317 21 9,793 20 14.176 4 17.709 1 2.108 45 6,464 8 9,929 23 14,305 50 17,771 33 2.196 44 6.476 27 9.973 7 14.358 3 17.924 35 2.305 42 6.550 22 9.977 27 14,459 49 17,925 37 2.396 37 6.643 2 10.041 47 14.493 10 18,082 48 2.403 35 6.740 16 10.107 26 14.534 13 18.095 34
2.443 47 6.754 18 10.113 20 ,4.774 27 18,124 I 2.504 40 6,756 15 10.142 26 14.779 12 18.146 43 2.509 10 6.772 18 10.249 I 14.780 30 18.156 40 2,542 37 6.714 14 10,593 26 14.787 31 18.161 25 2,548 21 6.776 15 10,742 48 14,845 43 18,648 9 2.610 20 6,779 26 10,810 32  28 16.764 2 2.612 47 6.822 38 10.884 45 14.949 16 16.872 17 2.619 45 6.923 36 10.917 46 15,101 27 18.936 50 2.725 35 7.042 50 10.996 38 15.122 13 18.977 24 2.886 30 7.105 41 11.142 13 15.131 1 18.988 45
3.005 13 7,126 9 11,147 19 15.189 42 19.118 35 3,125 39 7.141 36 11.183 45 15.283 4 19.166 4" 3.178 14 7.163 7 11.419 32 1 5.382 34 1 9.380 5
3 353 5 7,184 15 11,532 25 15,460 2 19.434 37 3,463 34 7,230 14 11.534 29 15,539 34 19.51121 3,616 45 7.332 14 11.572 21 15.603 37 19.535 10 3.765 14 7.432 33 11,672 21 I .Ģ 31 19.814 24 3.802 24 7,456 15 11.675 31 15.615 22 &gt; &gt;!9 21 3,900 26 7.517 14 11,696 17 15.624 16 19,841 19 3.961 14 7.665 49 11,913 46 15.738 1 2 19.691 22
4 095 31 7.757 28 11,931 33 16.037 15 19.945 39 4.141 45  7 11.948 14 16.056 19 ļ!'.96" 35
Iznīcinatas tika šādas 98 sērijas:
244 686 969 1043 1447 2075 233 1 2406 2421 2774 2917 ..')ls&gt; 3071 3308 3612 3750 4108 4285 4477 4708 4812 5053 5065 ...'i.' 5732 5903 6214 6314 6410 6421 6597 6614 6738 6762 6825 7364 7459 8060 8083 8260 8530 8536 9622 9810 9889 9890 9924 10218 10433 10642 10721 10975 11141 11357 11620 12030 12359 12970 12987 13175 13206 13283 13425 13450 13453 13823 13ī)60 14216 14323 14333 14390 14481 14596 14612 14929 15068 15118 15360 15401 15560 15830 16205 17099 17540 17561 17730 17745 17782 18063 18269 18524 19192 19240 19347 19400 19447 19619.