232
Pēterburga. i. September? pie otrās s°/o prēmiju biļetu
aizlieņas 35. izlosešanas vinnesti krita uz šādiem nummuriem:
200,000 rubļ. uz Nr. 14.114—50
75.000 " " " 13,979—50
40.000 " " , 15,245—20
25,000 " џ it 16,696—48
3 vinnesti a 10,000 rubļ. uz NNr. 7233—46. 197—33, 454
— 30.
5 vinnisti a 8000 rubļ. uz NNr. 13,122—13, 18,864—25, 7,993—50. 17.792-4. 7.386—20.
8 rrunnesti a 5000 rubļ. uz NNr. 13.235—21, 11,660—27, 11,986—41, 14,968—45, 16,267—45, 15,361—39, 12,147—10, 17,184—43.
20 roinnesti a 1000 rubļ. uz NNr. 3.344—24, 15.301—8. 12,978—45, 8.458—19. 3,549—11, 7,644—8, 6.018—32. 7.310—7,
13 522—12, 16,034—44, 5.432—6, 9,990—2, 454—21, 5,363—29, 829—21, 14,342—35, 14,336—34, 14,275—15, 11,552—3, 7,017 —43.
Mnnesti ā 500 rubļ.
sēr. biļ. sēr. biļ. sēr. biļ. sēr. biļ. sēr. blļ.
91 44
4470 2 9047 25 12004 28 16156 32
125 23 4486 43 9069 33 12100 1 16175 29
150 6 4565 27 9095 5 12109 23 16214 39
258 13 352 3 4568 4 9230 28 12109 32 16276 36
4656 28 9471 14 12145 36 16283 30
392 25 4689 33 9480 41 12176 10 16311 28
438 33 4832 23 9517 40 12247 32 16357 41
469 35 4850 28 9532 23 12388 40 16476 10
470 37 4852 9 9541 36 12395 39 16702 39
529 12 4900 19 9544 7 12669 2 17001 27
561 50 4928 34 9575 16 12750 16 17103 31
617 20 4940 4 9640 32 12852 10 17161 41
640 26 5088 22 9712 12 12955 27 17200 5
691 13 5090 10 9762 45 13000 41 17200 15
736 3 5211 12 9892 43 13110 46 17207 18
758 40 5494 4 9937 17 13165 8 17261 29
1092 28 5645 49 9950 21 13252 21 17346 5
1145 9 5701 7 9973 32 13257 45 17556 46
12 3 31 5831 39 10031 38 13261 9 17578 4
1219 4 5860 26 10065 47 13407 22 17638 33
1256 36 5924 46 10112 23 13426 32 17651 10
1641 48 6097 6 10166 39 13556 18 17816 18
1916 49 6196 11 10185 18 13573 7 17856 7
1922 22 6216 31 10252 46 13597 26 18028 48
1924 12 6419 11 10253 15 13598 23 18238 5
1962 22 2300 18 6442 16 10255 13 13599 36 18251 14
6508 48 10255 33 13600 20 18316 5
2448 42 6746 26 10295 10 13891 41 18364 29
2490 30 6855 3 10467 1 13894 5 18463 18
2786 2 6875 25 10468 23 13959 24 18509 18
2808 27 6888 24 10468 50 14055 40 18778 48
2811 38 6912 38 10596 14 14165 27 18813 23
2880 35 6937 44 10660 33 14263 5 18816 4
2911 1 6975 14 10666 11 14404 4 18849 2
2975 32 7127 18 10722 14 14413 42 18866 49
3026 5 7198 3 10901 7 14488 20 18898 33
3047 12 7261 27 10961 9 14519 42 18975 21
3061 23 7329 44 11008 50 14721 11 19016 4
3079 16 7619 38 11044 24 14972 10 19035 4
3114 8 7719 2 11091 31 14985 25 19066 15
3128 39 7843 14 11216 6 15157 36 19094 48
3141 25 7922 28 11236 50 15451 44 19230 48
3153 9 8205 17 11270 28 15468 30 19273 1
3431 5 8307 32 11324 22 15487 30 19276 6
3540 25 8326 4 11467 22 15515 27 19307 35
3847 l 8383 40 11482 47 15631 28 19382 45
4114 39 8387 37 11699 1 15674 31 19480 6
4140 30 8397 33 11707 38 15780 7 19536 15
4184 4 8468 36 11737 8 15881 19 19698 46
4219 8 8808 7 8828 14 11776 8 16044 9 19827 8
4294 42 11794 17 16053 31 19977 14
4391 32 8921 33 11970 39 16058 37 19985 40
sēr. biļ.
sēr. biļ.
91 44
4470 2
125 23
4486 43
4565 27
150 6
258 13
352 3
4568 4
4656 28
392 25
4689 33
438 33
4832 23
469 35
4850 28
470 37
4852 9
529 12
4900 19
561 50
4928 34
617 20
4940 4
640 26
5088 22
5090 10
691 13
736 3
5211 12
758 40
5494 4
1092 28
5645 49
1145 9
5701 7
12 3 31
5831 39
1219 4
5860 26
1256 36
5924 46
1641 48
6097 6
1916 49
6196 11
1922 22
6216 31
1924 12
6419 11
1962 22 2300 18
6442 16
6508 48
2448 42
6746 26
2490 30
6855 3
2786 2
6875 25
2808 27
6888 24
2811 38
6912 38
2880 35
6937 44
2911 1
6975 14
2975 32
7127 18
3026 5
7198 3
3047 12
7261 27
3061 23
7329 44
3079 16
7619 38
7719 2
3114 8
3128 39
7843 14
3141 25
7922 28
3153 9
8205 17
3431 5
8307 32
3540 25
8326 4
3847 l
8383 40
4114 39
8387 37
4140 30
8397 33
4184 4
8468 36
4219 8
8808 7 8828 14
4294 42
4391 32
8921 33
Amorticieretas tapa šādas 70 sērijas:
232 3120 4224 8300 10402 14691 17884
409 3193 4664 8396 10545 14761 18565
419
3585 6094 8801 10902 15261 19006
693
3613 6146 8827 11275 15507 19013
1021 3651 6524 9572 11469 15748 19025
1064 3907 6808 9642 11519 16001 19051
1172 3958 7075 9689 12769 16152 19178
1222 3983 7581 9863 13014 16460 19392
1296 4106 7624 9921 13054 16534 19512
3065 4202 8293 10183 13164 17354 19722
3120
409
3193
419
3585
693
3613
1021
3651
1064
3907
1172
3958
1222
3983
1296
4106
3065
4202
Labas laimes lasitajiem!
sēr. biļ.
9047 25
9069 33
9095 5
9230 28
9471 14
9480 41
9517 40
9532 23
9541 36
9544 7
9575 16
9640 32
9712 12
9762 45
9892 43
9937 17
9950 21
9973 32
10031 38
10065 47
10112 23
10166 39
10185 18
10252 46
10253 15
10255 13
10255 33
10295 10
10467 1
10468 23
10468 50
10596 14
10660 33
10666 11
10722 14
10901 7
10961 9
11008 50
11044 24
11091 31
11216 6
11236 50
11270 28
11324 22
11467 22
11482 47
11699 1
11707 38
11737 8
11776 8
11794 17
11970 39
4224
8300
10402
4664
8396
10545
6094
8801
10902
6146
8827
11275
6524
9572
11469
6808
9642
11519
7075
9689
12769
7581
9863
13014
7624
9921
13054
8293
10183
13164
sēr. biļ.
sēr. blļ.
12004 28
16156 32
12100 1
16175 29
12109 23
16214 39
12109 32
16276 36
12145 36
16283 30
12176 10
16311 28
12247 32
16357 41
12388 40
16476 10
12395 39
16702 39
12669 2
17001 27
12750 16
17103 31
12852 10
17161 41
12955 27
17200 5
13000 41
17200 15
13110 46
17207 18
17261 29
13165 8
13252 21
17346 5
13257 45
17556 46
13261 9
17578 4
13407 22
17638 33
13426 32
17651 10
13556 18
17816 18
13573 7
17856 7
13597 26
18028 48
13598 23
18238 5
13599 36
18251 14
13600 20
18316 5
18364 29
13891 41
13894 5
18463 18
13959 24
18509 18
14055 40
18778 48
14165 27
18813 23
14263 5
18816 4
14404 4
18849 2
14413 42
18866 49
14488 20
18898 33
14519 42
18975 21
14721 11
19016 4
14972 10
19035 4
14985 25
19066 15
15157 36
19094 48
15451 44
19230 48
15468 30
19273 1
15487 30
19276 6
15515 27
19307 35
15631 28
19382 45
15674 31
19480 6
15780 7
19536 15
15881 19
19698 46
16044 9
19827 8
16053 31
19977 14
16058 37
19985 40
14691
17884
14761
18565
15261
19006
15507
19013
15748
19025
16001
19051
16152
19178
16460
19392
16534
19512
17354
19722