Labas laimes lasitajiem!
Pēterburgā, 1. Mercā. Şchodien, 47. reiz izlosejot otro 5-procentu prēmiju aizlieņu, vinnesti krita uz šādiem nummuriem:
200.000 rubļ. uz sēriju 10.260 41.
75,000 " .. ~ 19.135 ~ 34.
40,000 .. " 5,983 .. 27.
25.000 " .. .. 4.927 7.
3 vinnesti, ā 10,000 rubļ., uz sēriju 4.951 26, sēriju 10,718  40. sēriju 11,125 6.
5 viuuesti. ā 8000 rubļ., uz sēriju 6.751 āÌ! 27, sēriju 10.088  22, sērlju 10903 40. sēriju 16,006 13, sēriju 18,224
 34.
8 vinnesti, ā. 5000 rubļ., uz setmju 2,706 20, sēriju 4.261 46, sēriju 5,527 44, sēriju 5,793 F2 12, sēriju 7.783 F° 3, sēriju 8,752 .V 2 5, sēriju 14.535 X 12, sēriju 15.683 38.
20 viunesti. ā 1000 rubļ., uz sēriju 2.454 38, sēriju 2.582 12. sēriju 2.803 27. sēriju 3,149 40, sēriju 4.445 "V&gt; 48, sēriju 5,307 35, sēriju 7.222 sss 35, sēriju 8.747 26. sēriju 8.794 49. sēriju 9,277 32, sēriju 10,775 35, sēriju 12.740
 18, sēriju 13.648 H° 47, sēriju 13.708 37, sēriju 14.678 39, sēriju 15,152 25, sēriju 15,963 12, sēriju 16,287 42, sēriju 18,831 .V 2 36, sēriju 19,435 32.
Jsuīcinatas tika šādas 92 sērija":
153 1003 1087 1370 1467 1561 1646 2071 2091 2097 2225 2313 2461 2524 2707 2935 3005 3273 3737 3810 3992 4067 4378
4432 4609 4705 4763 4816 5029 5193 5269 5887 5895 6810 6845 7077 7221 7278 7449 7806 7884 8819 8860 9347 9457 9506 9745 9932 10.242 10,243 10,407 10.720 10.775 10.806 11.086 11.207 11.214 11,411 11.431 11,441 11,891 11.997 12,149 12,463 12,860 13,000 13,263 13,411 13,412 13,687 14.176 14,786 15.091 15,251 15,902 16,680 16,707 16,818 16,899 17,019 17.127 17.174 17,407 17,532 17,679 1 8,661 19,044 19,212 19.333 1 9,485 19.515 19,557.
(Turpmāk beigums.)