Labas laimes lasitajiem!
Pchtārgā, 1. Septemberi. Žodien, 55. reiz izlosejot otro 5-procentu prēmiju aizlienn, vinnesti krita uz šādiem nummuriem:
200.000 rubļ ns sēr. 1321 Nr. 19 75.Ş . . . 13254 . 50 40.000 . . . 14700 . 11 25.000 ... 113 . 37 3 vinnesti ā 10.000 rubļ. uz sēr. 1534 "r. 17. sēr. 4383 Rr. 34. sēr 11658 Rr. 3.
5 vinnesti ā 8000 rubļ. uz sēr. 5658 Rr. 28. sebr. 6077 Rr. 50. sēr. 6115 Nr. 11. sēr. 9462 Rr. 10. sēr. 14814 Nr. 10.
8 vinntsti ā 5000 rubļ. ns sēr. 927 Rr. 44. sēr. 975 Nr. 17. sēr. 4147 Nr. 39. sthr. 4210 Rr. 39 sēr. 6150 Nr. 39. sēr. 10638 Rr 22. sēr. 10670 Nr. 33. sēr. 11036 Nr. 14.
20 vini.estu ā 1000 rubļus sēr. 1147 Nr. 20. sēr. 2337 Rr. 24. skhr. 2358 Rr. 28. sēr. 2t&gt;oB Nr. 20. sēr. 2803 Rr. 35. sēr. 4551 s?r 30. sēr. 5064 Rr 36. sēr. 7369 Nr. 28. sēr. 8481 Rr. 20 sēr. 10375 Nr. 32. sēr. 12033. Nr. 12. sēr. 12086 Rr. 44. sēr. 14831 Nr. 1. sēr. 15191 Nr 26. sēr. 15308 Rr 21. sēr. 16682 Nr. 27. sķhr. 17154 Rr. 24. sā 18811 Rr. 20. sēr. 19369 Nr. 26. sēr. 19731 Rr. 12.
Vinnesti pa 500 rubļiem.
sēr. biļ. sēr. biļ. sēr. biļ. sēr. biļ. sēr. biļ. 012 39 4184 8 8772 4 11900 9 16282 12 067 6 4250 39 8789 5 11922 43 18286 1 084 11 4317 17 8848 16 12137 2 16382 19 092 14 4421 3 8870 24 12192 8 16691 44 193 10 4500 5 8878 47 12304 26 16738 5 455 36 4660 3 8920 39 12382 26 16752 40 621 11 4934 12 8951 6 12550 29 16790 42 652 10 5083 37 8954 36 12658 49 16884 11 656 45 5196 24 9045 47 12889 3 16946 21 679 14 5254 49 9122 38 12891 44 17109 2 746 25 5298 9 9201 18 12971 39 17217 17 840 6 5331 17 9209 38 13032 45 17315 27 856 48 5337 25 9425 10 13135 13 17402 46
897 9 5581 27 9479 42 13182 43 17503 37
898 22 5627 29 9546 25 13417 30 17531 5 1116 2 5804 26 9546 29 13429 49 17633 18 1253 9 5875 47 9561 12 13447 46 17705 34 1260 4 5970 32 9597 24 13528 45 17749 2 1545 42 6153 4 9608 7 13570 39 17859 45 1547 29 6163 3 9694 50 13610 7 17878 20 1670 3g 6245 17 9785 5 13621 25 17881 24 1950 14 6365 36 9834 37 13625 36 18019 27 1974 35 6375 12 9884 17 13627 28 18111 45 2035 40 6441 28 9911 45 13652 42 18241 24 2126 29 6505 45 10047 37 13658 2 18263 18 2154 18 6595 45 10083 9 13719 30 18307 42 2199 2 6678 2 10388 23 13747 48 18399 46 2209 15 6796 50 10429 47 13768 30 18408 35 2244 4 6838 29 10601 8 13879 48 18532 16 2254 14 7028 33 10751 18 13984 5 18641 30 2299 28 7076 17 10801 45 14273 11 18767 36 2352 36 7317 38 10804 1 14457 45 18845 21 2358 3 7396 46 10856 42 14492 1 18902 11 2378 30 7593 7 10901 7 14519 43 18919 18 2394 24 7593 12 10909 10 14548 13 18958 16 2520 28 7743 38 11021 20 14581 15 18962 28 2668 4 7876 37 11070 10 14675 29 19062 18 2776 1 7991 3 11072 2 14765 36 19066 25 2929 16 8019 8 11124 25 14927 35 19086 28 2948 8 8048 41 11188 20 14934 18 19087 36 3161 46 8068 43 11290 40 14944 10 19132 42 3213 35 8204 12 11379 14 15007 40 19216 7
3239 27 8235 33 11387 37 15033 36 19260 2
3240 46 8263 18 11404 39 15153 37 19267 44 3447 6 8462 30 11429 47 15222 26 19305 48 3553 47 8548 28 11445 9 15735 45 19422 6 3696 45 8574 46 11525 1 16022 7 19454 4 3768 29 8576 13 11550 20 16042 17 19624 16 3918 22 8582 8 11611 43 16056 29 19665 26 3934 18 8589 4 11736 4 16212 7 19805 8 3982 9 8658 36 11843 47 16258 33 19811 35 4156 15 8759 30 11855 8 16261 42 19962 12
Jsnīcinatas tika šādas 102 sērijas: 382. 424. 485.720,877.887.1112. 1242.1597. 1754. 1824. 1838. 2030. 2279. 2424. 2429. 3023. 3047. 3249. 3427. 4156. 4735. 4755. 5183. 5184. 5303. 5355. 5359. 5524. 5532. 5611. 5649. 6077. 6418, 6793 7177. 7275. 7400. 8019 8469. 8496. 8638. 8997. 9326. 9334. 9465. 9624 9860. 9956. 10043. 10314 10388. 10786. 10825. 11005. 11449. 11532. 11695 11702. 11816. 11855. 12102. 12357. 12478. 12614. 13249. 13270. 13648. 13688. 14040. 14127. 14466. 14638. 14650. 14803. 14830. 14967. 15485. 15550. 15604. 15692. 1.728. 15733. 16050. 16211. 16236. 16855. 16940. 17463. 17478. 17596 17829. 18044.18301. 18321. 18511. 18575. 18796. 18928. īī&gt;7, I'."&gt;ī&gt;,