Labas laimes lasitajiem!
P.t"t,r"urgä. l. ļept,"b-ri. Şchodcen, 43. rcis izlasejot l'tro 5 peo centu prēinijas aizlccņn, vinnesti krita ns šādiem numnīnrecni: 200.000 rnbļ. uz Rr. t 2,184—24. 75.000 . 10.986—50. 40.000 " " " 16.811—C8. 25.000 . " 4.827—9.
3 vinnesti ā 10.000 rubļ. līs Nr. 1895 -36. 15.904-44. 2638-46.
5 .vinnesti ā 8000 rnbļ. ns Nr. 17.088-6, 19.330 – 31. 4,3,-30. 5434 3s, 14,542—19.
8 vii.nesti ā 5000 rnbļ. uz Nr. 10.149-35, 17.280-46. 17.704 -50. 871 -37. 292-32. 15.883-13, 8098-38. ,3.26,-26.
20 viuuesti K",)l" rubļ. ns Nr. 12.114-44. 13.904-45. 14.439-4. 875 -I. ,6.769-24. 19.249-26. 8837-6. 8018 -4, 5821 42. 267 -49. 6016 -37. 17.677-27. 15.861-7. ,1.36,-35. 1060 -45. ,4.745 13. 10.725 5. 14.871 -43. 19.420 -35, 10.191-26.
Vinnesti ā 500 rnbļ.
seln. bit. sēr. biļ. sel&gt;r. bit. sēr. biļ. sēr. biļ.
5 t 3 4306 38 795.) 45 1,8,4 50 ,58,3 37
69 38 4424 3" 7!"02 34  28 , 5821 2
194 4466 34 7905 37 11987 ,5 15858 22
 2, 4552 36 8004 46 1214" 38 16075 3"
298 37 4722 27 35 ,2,70 ,4 16,45 l
4ļ5 48 4724 3 "Ov3 37 ,2254 5 16220 ,1
48t) 28 4748 9 "1,4 28 1227&gt;&gt; 38 16374 2
 35 4"20 18 "330 46 123,7 40 16805 ,0
ā 30 494, ,8 8492 28 , 2387 27 "68,2 ,3
c&gt;64 24 5022 35 8509 4 ,243, 22 16902 27
619 34 5092 19 8618 17 12461 19 16907 32
7V 29 5119 39 8634 41 1257, 28 ,7,09 26
846 28 5,34 10 8693 9 12662 44 , 7249 36
961 5 52,8 48 "708 30 ,2775 30  25
I-?? 3 5279 19 8760 27 , 2890 36 , 7467 22
128" 47 5307 33 "76" 25 12896 26 17544 19
,31t 28 5367 10 v 76" 31 12934 0  9
1521 29 5397 2 8898 7 &gt;C!U" 2 , 7620 15
&gt;C92 27 5509 35 9010 26 ,3,55 32 ,763, 34
1614 21 5599 43 !'l"38 &gt; ,3282 ,0 17764 3
166" 48 5609 19 !X&gt;74 48 13323 24 ,7825 9
17-&gt; 7 22 5708 29 9080 2, 1335" 39 ,7848 5
1772 ,9 5765 43 9241 3 I 338 V 29 17912 50
1924 34 5797 9 !,3ll&gt; 40 13500 35  2i
20,2 42 58,2 44 9607 26 13500 47 l"060 34
2037 13 5986 2, 972!" 37 , 3577 30 18176 36
2049 48 5988 3 !&gt;"ķ 31 13594 50 , 8197 10
2093 ,6 6,28 32 5 ,4 I3VOI ,5 ,8397 ,3
218" ,0 6186 16 &gt;0033 5 1367, 41 18496 49
2261 37 6214 32 &gt;0168 41 13879 48 ,8596 4"
2345 27 0228 38 , 0205 45 1393" 6 ,8636 20
2526 3 645, ,6 10200 44 13988 47 I"804 29
Ņ7 ,9 0589 34 10295 35 14,78 33 I'"&gt;s4 4'"
26"9 33 6707 28 , 0427 8 , 4192 28 19093 20
2856 45 0731 20 10482 9 1420" 4 19107 26
2904 2 0742 2, ,0503 39 14395 24 19109 30
2995 12 6774 26 10531 17 14579 27 ,91,9 22
302" 24 686, 34 ,0591 37 ,4643 4, 19176 41
3147 7",)9 ,4 10598 37 14704 38 19182 30
3216 9 7021 20 ,0644 18 14891 ,5 19299 27
3540 15 702, 46 106v2 41 ,4895 10 19381 23
3561 40 7155 36 10700 35 1489 i" 28 19515 39
3637 25 7228 27 10831 47 14925 12 19601 18
3671 3 7252 43 1085?" 0 1510, 49 19677 ,8
3755 21 7419 15 10953 21 15116 9 19678 I,
3792 37 7446 24 ~050 19 15250 26 19681 23
3799 0 7585 19 11248 5 15430 40 190v9 27
380" 5 7596 50 11277 14 15478 ,7 19720 23
3879 8 7617 9 11468 43 15655 27 ,98,3 40
3904 19 7638 1 ,1590 30 15710 2 19857 41
3949 48 7653 3 11054 20 15729 25 19960 18
414 6 9 7755 23 11729 49 15774 49 19900 3"
Mīcinatas tika šādas 82 sērijas:
529 962 1900 2055 2713 3399 3489 3494 3801 3869 4017 4018 4026
 4379 4528 4940 5200 5446 5591 5693 5799 5838 5963 5968 676tkGV67
7,47 7299 73,5 80,0 "136 93,9 9974 9984 , 0.07, 10.8,1 ,0."59 ,1.000 11.155
,1.206 ,1.465 ~.549 ,1.650 11.094 11.775 ,1.896 12.142 , 2.267 12.274 , 2.340
12.362 12.611 ,2.031 12.093 ,2.795 ,3.088 ,4.223 ,4.63, 14.951 15.257 15,76,
16,037 ,6.156 ,6.23, ,6.665 16.739 17.226 17.512  17.599 Isi.o7&gt; 18.140 18.493 ,8.858 ,8.952 ,".994 19.060 19.093 19.381 19.851 19.-&gt;s!&gt;.