Labas laimes lasitajiem!
Pēterburģā, 1. lulijā. Žodien. 41. reiz izlosejot pirmo 5-7,rocentu prēmijas aizlieņu, lielakie vinnesti krita uz šādiem
nummuriem:
200.000 rubļ. uz Nr. 16.738—8. 75,000 , " . 9168—49. 40.000 " . . 16.356—3. 25.000 . . 16.345—33.
3 vinnesti. katrs 10.000 rubļ. liels, uz NNr. 8793—28, 11.158 -15. 11.755-36.
5 vinnesti. katrs 8000 rubļ. liels. uz NNr. 17.914—1. 10.573
— 18. 9449—15, 19,183—34, 10.711—38.
8 vinnesti. katrs 5000 rubļ. liels, uz NNr. 1910—14. 11.249 —21, 16.827—38. 531—44. 14.898-35. 8248—19. 2628—42, 3529—31.
20 winnesti. katrs 1000 rubļ. liels. uz NNr. 11.436—28. 16.799—43. 18.731—5. 4611-18. 7171 —1. 3130—14. 11.991 — 23. 7179—31, 1206—47. 3539—14. 8812—14. 8213—45. 13.896 —40. 7133—19, 18.007—11. 3315—22. 8818—42. 6652—18. 3086
— 10. 9387-38.
Vinnesti. katrs 500 rudļ.
sēr. biļ. sēr. biļ. I šr. biļ. sēr. biļ.
23 18 5.250 26 9.484 35 14.269 34
29 41 5.277 17 9.671 6 14.283 38
127 36 5.285 33 9,730 29 14.342 5
131 45 5,402 23 9.734 47 14.446 40
251 33 5.481 40 9.980 35 14.642 20
254 14 5.542 50 10.049 26 14.683 11
281 41 5.626 20 10.142 7 14,690 19
331 45 5.639 18 10.171 33 14.724 25
472 44 5.702 48 10.205 36 14.885 8
556 16 5.717 13 10.223 9 15.415 4
567 14 5,725 41 10.246 39 15.497 34
575 49 5.739 40 10.361 8 15.502 29
661 8 5.785 34 10.373 12 15.543 29
813 30 5.849 28 10.394 33 15.549 24
862 50 5.948 37 10.409 4 15.712 24
946 16 5.967 45 10.423 7 15.722 14
969 26 6.009 11 10.646 25 15.826 20
1.003 42 6.054 36 10.651 25 15.855 10
1.160 41 6.150 24 10.701 27 15.856 44
1.627 3 6.185 47 10.763 45 15.888 15
1,651 19 6.212 34 10.830 41 15.890 14
1.705 7 6.248 33 11.001 45 15.910 17
1.749 27 6.372 49 11.017 44 15.999 3
1.794 21 6.397 30 11.248 24 16.093 14
1.809 39 6.417 37 11.301 46 16.167 29
1.832 13 6.426 37 11.386 28 16.179 6 1.970 10 6,471 14 11.410 17 16.230 23 2,020 1 6.577 20 11.449 19 16.264 27 2.136 33 6.651 28 11.526 36 16.361 21 2.313 41 6.663 20 11.586 36 16.547 17 2.384 39 6.680 45 11.591 43 16,727 42 2.423 1 6.686 8 11.600 34 16.780 23 2.443 23 6.715 17 11.606 41 . 16.865 41 2.607 31 6.731 41 11.697 15 17.204 42 2.735 17 6.797 20 11.759 11 17.235 50 2.958 31 6.924 38 11.883 11 17.328 14 3.150 50 6.969 3 11.986 45 17.425 49 3.235 28 6.970 39 12.020 9 17.442 50 3.381 29 6.994 12 12.128 4 17.519 2 3.478 47 7.029 48 12.132 21 17.612 6 3.696 36 7.115 34 12.152 35 17.619 28 3.718 37 7.193 17 12.180 10 17.736 10
3.851 42 7.204 14 12.266 34 17.780 29 3.882 3 7.240 47 12.363 26 17.941 35 3.907 7 7.419 35 12.379 9 18.006 15 3.946 28 7.496 22 12.609 29 18.019 35 4.060 34 7.675 1 12.766 38 18.024 9 4.067 45 7.757 23 12.802 17 18.137 13 4.073 38 7.786 19 12.836 49 18.187 34 4.175 44 7.834 46 12.956 20 18.254 30 4.375 42 8.090 2 13.030 27 18.342 19 4.482 49 8.098 27 11.073 39 18.367 31 4.490 17 8.168 24 13.156 5 18.351 19 4.550 22 8.168 28 13.192 37 18.476 20 4.633 26 8.341 1 13.227 16 18.630 20 4.688 3 8.345 21 13.364 35 18.708 40 4.749 4 8.387 39 13.487 6 19.055 14 4.802 34 8.406 16 13.605 2 19,292 17
4.833 16 8.445 36 13.729 29 19.327 38
4.852 35 8,536 27 13.779 22 19.484 1 5.028 44 8.827 34 13.824 37 19.514 22 5.070 11 8.904 27 13.829 6 19.731 43 5.075 49 7.212 22 13.831 22 19.752 9 5.107 7 9.282 10 14.017 6 19.944 45 5.179 38 9.460 50 14.088 41 19.951 48
Jsnīcinatas tapa šādas 80 sērijas:
872. 888. 1030. 1629. 1989. 2106. 2314. COl9 3101 3511 3542. 3816. 4486. 4647. 4852. 4923. 5087. 5224 5396' 5486' 5571. 6093. 6248. 6345. 6413. 6639. 6711. 7145. 7259 7933 7951. 8088. 8316. 8625. 8797. 9860. 8396. 9404. 9592' 968?' 9937. 10.045, 10.615. 10.943, 11,180, 11,221, 12.488. 12.988 13' 439. 13,631. 13.825. 13.957. 14.199. 14.214. 14.380. 14.400 15' 033. 15.404, 15.544. 15.928. 15.978. 16.147, 16,310. 16.371' 16. 534. 16.684, 16.880. 17.133. 17.700. 17.740. 18.012, 18.214 18 568. 18.859. 19.019. 19.246. 19,606. 19.652. 19.794, 19.962.