2.
Pēterburga, 1. Septemberi. Pie pirmā 5-proc. prēmiju aizņetcAuma 31. izt losesmanas lselakie Minnesti krita uz šiem uummuriem: 200,000 rubļ. uz Nr. 8414—32.
3 minnesti A 10000 rubļus Nr. Nr."5944—N, 19113—37, 12283—34. 5 minnesti a 8000 rubļ. uz Nr. Nr. 8461-1, 9810—37, 2915-30, 5613—9, 18967—7.
8 Minnesti k 5000 rubļ. ns Nr.Nr. 1956—33, 13471—24, 2710—37, 4437— 40, 18994—5, 19280—3, 5708—9, 16065—16.
20 Minnesti k 1000 rubļ. uz Nr. Nr. 4653—24, 2261—32, 2570—8, 7554— 38, 17906 -31, 5227—10, 8370—47, 7745—16, 3608-20, 15262—37, 14865—12, 12282—50, 8515-23, 16743-14, 5109—10, 19877—24, 3121—36, 1737-14,
551-16, 13 5—1L
2.
Minuesti k 500 rubļ.
sērijas biļ.
54 50 62 34 219 11 238 49 401 26 439 34 532 Iz 603 46 636 49 642 3" 761 28 805 33 92s 1 949 18 1.060 12 1.110 35 1.137 23 1,218 2 1,546 15 1.562 2! 1.578 11 ,1.708 19' 1,793' 29 1,865, 42 1,684 44 1,889 ~ 12 1,934 39 1.944 4b 1,967 28 1,980 32 2,060 15 2,470 13 sērijas 5,121 5,184 5,215 3.311 5,624 5,905 5,964 5,993 6,107 6.188 6,419 6,493 6,548 6,848 6.969 7.097 7.125 7,246 7,309 7,316 7.374 7,440 7.467 7,525 7,626 7,774 7,876 7,917 7 923 7,930 7.980 8.027
biļ. sērijas 20 10.567 44 10,629 8 10.828 28 10.862 25 10.375 17 11.030 28 11.089 20 11.117 34 11,217 2 11.328 45 11,361 32 11.377 18 11,465 7 11,609 19 11,736 1 11,824 37 11.895 30 11,907 30 11,938 17 11,997 18 12,001 42 12,084 27 12,157 18 12,179 22 12,423 44 12,458 19 12.833 12 12,768 5 12,823 9 15.992 34 12.999 36 13,049 biļ, 9
30 36 35 21 42 20 4
14 33 26 41 17 1-5 1
17 25 32 9
34 11 28 32 48 4
12 44 40 24 28 26 33
15,660 15,721 15,790 15,798 15,875 15,877 15.919 15.952 16,002 16,067 16,255 16,264 16.534 16,545 16.634 16,749 16.808 16.811 16,811 16,820 16,349 . 16,977 17,052 17.231 17,240 17,295 17,395 17,463 17.509 17,537 17,655 17.678 4
47 7
42 50 33 46 12 26 43 11 1
47 36 12 39 39 8
11 49 46 41 28 38 5
36 26 9
25 6
28 5
551-16, 13
5—1L
sērijas biļ.
54 50
62 34
219 11
238 49
401 26
439 34
532 Iz
603 46
636 49
642 3"
761 28
805 33
92s 1
949 18
1.060 12
1.110 35
1.137 23
1,218 2
1,546 15
1.562 2!
1.578 11
,1.708 19'
1,793' 29
1,865, 42
1,684 44
1,889 ~ 12
1,934 39
1.944 4b
1,967 28
1,980 32
2,060 15
2,470 13
Labas laimes lasitajiem!
Minuesti k 500 rubļ.
sērijas 5,121
5,184
5,215
3.311
5,624
5,905
5,964
5,993
6,107
6.188
6,419
6,493
6,548
6,848
6.969
7.097
7.125
7,246
7,309
7,316
7.374
7,440
7.467
7,525
7,626
7,774
7,876
7,917
7 923
7,930
7.980
8.027
biļ. sērijas
20 10.567
44 10,629
8 10.828 28 10.862 25 10.375
17 11.030 28 11.089 20 11.117 34 11,217
2 11.328
45 11,361 32 11.377
18 11,465 7 11,609
19 11,736
1 11,824
37 11.895
30 11,907
30 11,938
17 11,997
18 12,001 42 12,084 27 12,157
18 12,179 22 12,423 44 12,458
19 12.833 12 12,768
5 12,823
9 15.992 34 12.999 36 13,049
biļ,
9
30 36 35 21 42 20
4
14 33 26 41 17 1-5
1
17 25 32
9
34
11 28 32 48
4
12 44 40 24 28 26 33
15,660
15,721
15,790
15,798
15,875
15,877
15.919
15.952
16,002
16,067
16,255
16,264
16.534
16,545
16.634
16,749
16.808
16.811
16,811
16,820
16,349 .
16,977
17,052
17.231
17,240
17,295
17,395
17,463
17.509
17,537
17,655
17.678
sērijas 2,565 2,650 2,712 2,892 2.910 3.168 3,217 3.350 3,382 3.396 3,526 3,572 3,670 3,757 3,774 3,842 3,852 3,921 3,936 3,997 4,016 4,124 4,185 4,321 4,540 4,547 4.633 4,761 4,815 4.833 4.844 4,969 5,020 35 4
31 43 33 21 22 9
14 35 49 12 44 2 1
27 23 37 10 13 16 18 23 49 25 29 34 45 38 7
21 5
16
sērijas 8,106 8.194 8.297 8.376 8,400 8,421 8,497 8,526 8.679 9,181 9,198 9,255 9,256 9,261, 9,404 9,506 9,557 9.624 9.719 9.810 9,819 9.883 10,029 10,096 10,121 10,150 10,168 10,186 10,189 10,264 10,360 10,467 10,557 47 25 24 49 32 27 24 42 46 29 21 17 34 41 22 41 11 37 42 10 5, 3
11 16 40 43 10 38 20 18 4
38 2
13,093 13,161 13,265 13,276 13,301 13.426 13,459 13.491 13,506 13,543 13,649 13.723 13,739 13,815 13L58 14,017 14,026 14,091 14.292 14.300 14.319 14.462 14,539 14,561 14,604 14F12 14,984 15,153 15,181 15,337 15,347 15.648 biļ. 1
36 20 11 26 29 22 47 35 13 7
37 24 37 33 19 4
45 41 18 38 32 29 11 47 37
28, 24 19 28
sļricas
17.685 17.758 17,859 17,893 18,082 18.096 18.106 18,156 18,311 18,441 18,443 18,508 13,580 18,733 18,750 18,772 18,805 18,961 18,998 19,076 19,115 19.207 19,267 19,357 19,369 19.404 19.499 19,549 19,663 19.885 19,899 19.924 19.968 biļ. 3
29 36 9-24 29 38 18 29 28 8
48 1
36 16 30 16 36 27 44 43 48 31 9
49 6
14 32 8
30 30 31 6
sērijas
2,565 2,650 2,712 2,892 2.910 3.168 3,217 3.350 3,382 3.396 3,526 3,572 3,670 3,757 3,774 3,842 3,852 3,921 3,936 3,997 4,016 4,124 4,185 4,321 4,540 4,547 4.633 4,761 4,815 4.833 4.844 4,969 5,020
35
4
31 43 33 21 22
9
14 35 49 12 44
2
1
27 23 37 10 13 16 18 23 49 25 29 34 45 38
7
21
5
16
Amortisieretas tika šādas 66 -sērijas:
37 589 626 1032 1081 1367 1520 1655 1749 1844 2550 3125 3338 3604 3624 4021 4190 4307 4530 4963 4972 5145 5188 5556 5684 5743 7173 7229 7661 7665 7709 7813 7908 8065 8032 8493 9493 9555 10634 11096 11561 12803 13013 13279 13399 13730 14104 14180 14458 14634 14698 14727 15292 15426 15926 16333 16482 16521 16563 16806 17145 17297 17316 17481 18471 18996.
4
47
7
42 50 33 46 12 26 43 11
1
47 36 12 39 39
8
11 49 46 41 28 38
5
36 26
9
25
6
28
5
sērijas 8,106 8.194 8.297 8.376 8,400 8,421 8,497 8,526 8.679 9,181 9,198 9,255 9,256 9,261, 9,404 9,506 9,557 9.624 9.719 9.810 9,819 9.883 10,029 10,096 10,121 10,150 10,168 10,186 10,189 10,264 10,360 10,467 10,557
47 25 24 49 32 27 24 42 46 29 21 17 34 41 22 41 11 37 42 10
5,
3
11 16 40 43 10 38 20 18
4
38
2
13,093 13,161 13,265 13,276 13,301 13.426 13,459 13.491 13,506 13,543 13,649 13.723 13,739 13,815 13L58 14,017 14,026 14,091 14.292 14.300 14.319 14.462 14,539 14,561
14,604 14F12 14,984 15,153 15,181 15,337 15,347 15.648
biļ.
1
36 20 11 26 29 22 47 35 13
7
37 24 37 33 19
4
45 41 18 38 32
29 11 47 37
28,
24 19
28
sļricas 17.685 17.758 17,859 17,893 18,082 18.096 18.106 18,156 18,311 18,441 18,443 18,508 13,580 18,733 18,750 18,772 18,805 18,961 18,998 19,076 19,115 19.207 19,267 19,357 19,369 19.404 19.499 19,549 19,663 19.885 19,899 19.924 19.968
biļ.
3
29 36
9-24 29 38 18 29 28
8
48
1
36 16 30 16 36 27 44 43 48 31
9
49
6
14
32
8
30
30
31 6