Labas laimes lasitajiem!
Pēterburgā, 3. Mcrcā. Žodien. 52. reiz izlosejot otro 5-procentu iekšejo prēmijl" aizlecuu. vinnesti krita uz šādiem nummuriem 200.000 rubļ. uz sēriju 10V42 Nr. 28. 75.000 . . . 10197 . 9. 40.000 . . . 19525 . 38. 25.000 . . . 13968 . 38. 3 vinnesti ā 10.000 rubļ. uz sēriju 345 Nr. 22. sēr. 1679 Nr. 32. sebr. 11611 Nr. 35.
5 vinnesti ā 8000 rubļ. uz sēriju 1099 Nr. 44. sēr. 6405 Nr. 29. šr. 9474 Nr. 39. sēr. 10074 Nr. 5. sēr. 13976 Rr. 37.
8 vinnesti ā 5000 rubļ. uz sēriju 2501 Nr. 30. seī?r. 6538 Nr. 42. sēr. 7104 Nr. 21. sēr. 8760 Nr. 22. sēr. 10178 Nr. 48. sķhr. 11963 Rr. 13. sebr. 14025 Nr. 37, sēr. 16679 Rr. 24.
20 vinnestu ā 1000 rubļ. uz sīnju 616 Rr. 11, sēr. 2934 N&gt;. 9. sēr. 4444 Nr. 24. sthr. 6345 Nr. 7. sēr. 7600 Nr. 43. stbr. 7736
Nr. 38. sēr. 8722 Nr. 31. sēr. 10894 Nr. 42. sēr. 11308 Nr. 38. sēr. 13023 Nr. 25. sēr. 13037 Nr. 50. sthr. 13413 Rr. 8. sēr.
13801 Nr. 43. sēr. 13875 Nr. 43. sēr. 14380 Nr. 46. sēr. 14841
Nr. 35. sēr. 16279 Rr. 2, sēr. 17375 Nr. 23. sebr. 19216 Nr. 38. sēr. 19951 Nr. 3.
Vinnesti pa 500 rubļcein.
sēr. biļ. sēr. biļ. sēr. biļ. sthr. biļ. sēr. biļ. sēr. biļ.
240 46 3,187 48 6,194 3 9,662 25 13,335 20 17 134 22
288 12 3,227 12 6,252 34 9,779 34 13.377 48 17.192 34
290 35 3.298 35 6,271 49 9L14 35 13.494 2 17,314 14
305 16 3,362 25 6,326 45 9,823 25 13.522 23 17.453 3
373 36 3,365 25 6.380 9 10.115 1 13,619 14 l?,U1 6
465 17 3.497 9 6.425 24 10,267 9 13,662 8 17,582 19
480 28 3.523 2 6,441 50 10,559 7 13,757 34 17.589 29
485 37 3,614 45 6,493 50 10,645 26 13,759 33 17.682 42
549 20 3,616 41 6,526 6 10.703 35 13.827 13 17,755 31
679 31 3,627 13 6.606 22 10.804 11 13.830 21 17.770 5
759 26 3,757 39 6.738 12 10,931 34 13.893 27 17.V49 46
809 1 3,779 4 6.739 30 11.011 37 13.923 25 17.948 48
990 2 3,783 40 7,019 5 11,047 45 14.016 38 17,963 19
1,018 19 3,812 22 7.028 12 11.092 30 14.052 23 18,070 40
1.355 4 3,872 48 7.136 4 11.135 43 14,119 "5 18,175 22
1,411 35 4,002 27 7,202 43 11,190 31 14.121 10 18,224 7
1,521 20 4.0V7 35 7,352 20 11.217 31 14.290 29 18,234 10
1, 40 4,152 37 7.454 7 11.2d7 48 14,480 21 18.485 48 1,6?2 50 4,200 38 7.530 9 11.314 32 14.505 12 18.496 31 1.639 37 4.204 19 7,591 23 11.358 19 14,514 36 18.531 28 1.653 40 4,280 9 8.14 V 30 11,513 15 14,567 31 18,568 48 1,737 37 4.306 34 8,171 49 11-563 32 14.655 25 V. 574 30 1.775 49 4,374 9 8,182 46 11.599 39 14.852 20 18,688 50 2.065 20 4,462 48 8.256 17 11.829 4 15,072 13 18.707 45 2,114 17 4.512 22 8.363 9 11.865 14 15.076 26 18,714 43 2,129 34 4,823 23 8.374 50 11.875 38 15.111 14 V. 722 4
2. 19 4.842 18 8.414 6 12.085 47 15,115 v 18,806 33 2,299 34 4,866 I 8,489 40 12,174 29 15.175 18 18,947 8 2,543 33 4,879 32 8,631 37 12,181 22 15,295 46 19.065 5 2,687 12 4.931 29 8,755 43 12,233 28 15,357 44 19.083 27 2,721 24 4.99 ! 9 8.767 32 12.316 3 15.451 13 19.095 11 2.734 22 5,038 17 8H26 19 12.319 40 15,781 V 19.188 24 2,818 18 5,049 8 8,884 47 12.589 4 15.800 31 19.195 32
2.858 22 5,065 23 9.017 33 12.649 34 15.832 44 19.4&lt;&gt;5 33
2.859 26 5,133 19 9.042 23 12.794 7 15.853 13 19,458 38 2,864 5 5,182 2 9,076 40 12.831 6 16,285 27 19,497 13 2,879 25 5,2( 9 25 9,083 18 13.058 42 16,386 20 19.565 24 2.905 25 5,271 1 9.290 2 13.138 35 16.443 49 19.629 23 2.913 18 5,309 47 9.293 13 13,144 8 16.445 26 19.709 16 2,945 42 5.654 47 9.360 4 13.145 42 16,560 30 19.996 34 2.963 17 5,796 41 9,366 35 13.150 12 16.730 29
3.087 28 5,816 47 9.428 33 13.163 30 16.767 45
3,131 42 5.917 19 9,486 37 13.216 8 16,902 38
3,164 8 6,010 46 9.526 14 13.248 3 17.106 32
Jsnīcinatas tika šādas 98 sērijas:
275. 327, 422. 737. 983. 1246. 1344. 1390, 1514, 1554, 1616. 2443, 2529, 2686, 3089, 3133, 3160, 3437. 3619. 4112. 4168. 4449, 4552, 4749. 4769. 4830. 4908. 4942, 5111, 5120. 5245, 5324. 5408. 5434. 6399, 6624, 6932. 7057, 7178. 7922, 8165. 8303. 8311. 8365. 8430. 8460, 8606. 9342. 9687. 10186, 10430. 10636. 10715. 11222, 11286, ll3s&gt;l, 11573, 11632. 11800. 12066. 12705, 12767, 12962, 13549, 13654, 14137. 14694, 15245, 15595, 15656, 15731, 15929. 15993, 16,67, 16245, 16435. 16537, 16612, 16639. 17152, 17517. 17645. 17771, 17857, 18197, 18322, 18596. 18692, 18700. 18940, 19039, 19187, 19352, 19439, 19790, 19842,