Labas laimes lasitajiem!
Pēterburga, 1. Septemberi. Pie otrās 5-proc. preļimiju-anlieņas 33. izlosešanas krita tvinnesti uz sck)iem nummuriem:
200,000 rubļ. uz Nr. 18132—2, 75,000 " " " 3917—36. 40.000 " " " 12575—41, 25,000 " " " 14001—23.
3 mnmesti 10.000 rubļ. uz NNr. 16213—39, 3073—4, 9996—7.
5 tvinnesti 5 8000 rubļ. uz  11267—45, 10568—31. 19331—12, 2963 —5, 7204—36.
8 tm'nnesti 5 5000 rubļ. uz NNr. 16730—42, 12321—49, 17346—43, 7526 —18, 10206—27, 7857-23, 15485—46, 606—42.
20 roinnesti a 1000 rubļ. uz NNr.5020—31, 111—23, 19826—9, 12332—7'
4487—7, 15960—8, 2326—13. 7027—50, 164—7, 16450—3, 12105—27. 15395
—3. 211—46. 9721—9, 17013—28, 8642—33, 3891—8, 11680—39, 933—16, 14 758—28.
Minnesti a 500 rubļ.
sēr. biļ, skbr. biļ. sēr. biļ. biļ. šr. biļ'
175 4 3,844 32 17,944 18 12,216 41 18,058 21
1,543 43 2.123 6 15,637 5 16,810 23 17.959 45
6.884 43 17,131 11 17,172 21 7.607 20 16,331 37
2,811 29 6,981 3 5,649 21 8.019 6 19,108 26
1,788 32 7,471 30 5.560 2 19,564 21 4.090 16
8,748 48 15,133 32 15.833 32 5.916 46 14,856 44
1.039 47 17,412 10 12.634 4 12,093 42 12,473 33
16.392 26 2,388 29 5,422 43 17.788 1 7,979 22
16,465 36 19.249 27 14,826 42 9,366 17 2,864 14
7.101 23 18,186 19 15,491 26 5.910 35 10,346 34
9,393 44 11.710 30 17.214 6 18,820 8 18.000 5
15,448 11 17,986 34 15.543 8 4 27 9,707 15
3.711 16 7.680 21 17,291 33 644 27 5,389 22
5,606 20 19,853 30 6.505 16 1.334 21 9,014 50
16,647 45 18,833 14 18,158 28 19,267 35 10,762 20
16.932 12 1.209 30 9,988 39 3,928 10 12,153 11
6,528 28 11.673 40 11.011 22 18.776 36 11,240 44
1,625 49 12.797 15 6,769 1 9,171 45 14,391 50
19,861 50 18,574 6 989 50 694 1 12,735 12
13,085 21 15.689 30 8,825 31 6,197 27 648 11
9.445 43 14,558 26 18,229 41 2,208 48 4,296 3
10.488 14 559 16 16,440 34 1,848 8 18.867 47
9.639 39 6,650 28 16,211 13 18,916 36 7,349 45
2.656 26 16,673 24 18,606 8 10,763 45 5.586 31
12.645 9 19,108 35 14,980 42 9,125 9 6.056 43
6,121 14 6.013 35 13,023 28 2,429 20 3.256 27
15,842 23 1,811 50 13,346 1 16,571 18 16,813 29
17.911 28 15.301 22 19.113 41 12,211 32 10,413 32
3,767 33 6.265 14 11.284 6 19,336 48 5,054 43
13.785 17 19,367 11 14,106 50 7,899 35 15,850 27
9,074 3 8,578 8 8,363 15 9,136 32 664 22
10.958 28 6.153 1 6,104 9 6,021 14 1,347 30
4.320 44 5,993 1 19.243 39 4,303 46 16.448 13
13,446 19 9.032 31 14,014 25 16,246 21 19.100 15
3,546 46 2,477 30 15,416 2 1.240 36 11.431 12
17.321 40 14,227 48 3,113 2 2,193 7 16.974 29
3,200 17 4.035 13 10,974 16 9,713 49 2,876 50
11.353 30 2.638 19 13,316 23 7.354 38 18.697 49
941 40 12,849 33 19,574 17 10,106 29 2,188 2
12.761 1 991 35 3.896 13 7,809 9 12,017 15
8.316 15 5,753 42 342 22 7,760 4 2,271 25
17,030 24 16.611 44 13,370 20 12.739 27 16,291 8
17,366 33 16,189 9 10.437 1 9,777 12 18,106 21
16,797 17 9,611 11 5,181 36 19,697 11 5,054 45
11,241 33 629 28 582 4 15,962 30 15,159 20
19.354 33 8,999 32 2,639 46 16,244 4 11.338 43
5.039 14 10,839 18 16,876 45 3,148 4 696 33
1.040 36 10,780 13 5,604 48 460 3 18,198 9 1,329 31 18,860 28 8,608 31 13,075 5 12,055 41
13.116 20 638 38 5.680 24 12.020 7 7,886 10
1,170 25 13,573 ,47 1,900 2 12,040 2 1,951 39
13,406 20 11,819 13 12,497 47 12,398 31 1,242 38
Amortisieretas tapa šādas 68 sērijas: 54, 445, 813. 1542, 2028, 2150,
2332, 2512, 2650, 2816, 3143, 3157, 3389, 3742, 3781, 4092. 4165, 4457, 4520, 4665, 5037, 5203. 6313. 7125, 7281, 7720, 8210. 8343. 8564, 9172. 9295, 9408,
9629, 9655, 9752, 9764. 9872. 10179, 10478, 10543. 11329, 11556, 11899, 11931.
12777, 12900, 13175. 14200, 14393, 14682, 14884, 14900, 14971, Ķ99. 16238.
16503, 17151, 17932, 18292, 18396, 18802, 19077. 19088, 19120. 19190, 19313. 19938, 19943.