Muicchneeku cemes bankas
prēmiju aizņēmumu izlosejumā 1. maijā 500 тЫа vinnesii
krituši uz šādām serijām un numuriem:
Şer. Nr. Şer. Rr. Şer. Nr. Şer. Nr. Şer. Nr.
18 32 3.318 47 6.645 8 9.503 35 12.999 15
43 50 3.326 36 6.716 19 9.519 Ss 13,035 5
57 9 3.332 34 6.721 31 9.544 14 13.150 44
183 21 3.371 45 6.777 10 9.629 19 13.274 2
460 36 3,535 26 6.862 1 9.648 24 13.286 22
598 11 3,707 22 7,137 48 9.662 23 13.301 0
629 28 3.732 40 7.226 38 9.670 25 13.303 23
656 1 3,786 31 7.264 3 9,787 33 13.342 45
713 4 3.788 38 7.293 23 9.807 28 13.372 36
818 5 3.915 24 7.340 33 9.811 17 13,485 35
909 1 3.946 33 7.354 20 9.842 34 13.489 17
976 41 4.107 15 7.430 33 9.850 45 13.492 44
1.011 46 4,145 16 7.622 42 9.900 12 13.493 21
1.024 8 4,177 2 7.689 25 9.909 19 13.522 29
1.157 4 4.251 43 7.792 47 10.095 42 13.524 32
1.208 16 4.421 33 7.870 20 10.150 4 13.586 7
1,351 46 4.467 32 7.925 14 10.360 36 13.627 10
1.448 1 4,528 20 7.949 49 10.365 42 13.666 24
1.461 30 4.532 14 7.952 35 10.384 24 13.682 5
1,526 42 4.549 15 8,024 44 10,462 11 13.715 24
1.544 35 4.556 2 8,073 17 10,467 20 13,754 36
1.570 38 4.666 37 8.083 50 10.569 43 13,774 19
1.609 41 4.752 18 8.103 32 10.708 39 13.885 27
1.662 24 4.805 46 8.129 23 10.840 42 13.921 47
1.710 31 4.867 47 8.161 31 10.964 39 13.999 21
1.860 2 4.900 37 8.164 6 11.067 32 14.026 5
1.874 16 4.950 32 8.174 36 11.070 41 14.109 50
1.883 19 4.983 18 8.209 48 11.134 31 14.183 7
1.954 7 4.990 28 8.275 45 11.151 30 14.230 39
1.981 28 5.018 36 8.307 44 11.308 46 14.358 37
1.995 25 5,230 5 8.351 37 11.334 13 14,382 42
2.234 24 5.331 13 8.456 33 11,359 36 14,401 35
2.238 17 5.378 21 8.480 36 11.495 2 14.408 14
2.263 17 5.470 29 8,681 1 11,530 37 14.661 31
2,273 3 5,539 5 8.768 41 11.675 20 14.745 20
2.275 19 5.556 9 8,825 1 11.761 1 14.800 40
2.276 33 5.592 8 8.858 4 11.776 20 14.851 1 2.301 26 5.694 33 8,861 16 11.817 49 14.959 39 2.426 39 5.794 13 8.992 26 11.885 3 15.146 24 2.477 10 5.842 49 9.118 29 12.004 12 15,166 49 2,494 32 5,856 7 9.139 47 12.145 33 15,167 47 2,562 38 5,871 13 9,149 24 12,209 49 15.173 18 2.730 24 5.882 32 9.190 31 12.262 8 15.242 3 2.813 32 5.916 17 9.240 15 12.406 41 15.242 24 2.874 33 6.000 11 9.244 43 12.423 23 15.366 28 2.882 39 6.028 50 9.267 32 12.456 18 15.404 11 2.965 26 6.080 3 9.299 37 12.483 2 15.656 10 3,088 10 6.092 5 9.356 8 12.536 44 15,751 6 3.120 43 6.122 32 9.364 23 12.550 26 15.757 35
3.268 49 6.181 36 9.395 14 12,713 23 15,906 34
3.269 45 6,229 1 9.423 39 12.747 6 15,912 6 3.281 7 6.249 35 9,484 27 12,856 15 15.965 20
Amortisetas šādas muišneeku semes bankas prēmiju biļetes:
70 2206 3356 6555 8240 11157 13840
123 2223 3485 6627 8230 11198 13868
129 2252 3834 6726 8363 11379 13934
283 2352 4294 6761 8524 11658 13946
284 2364 4335 7025 8740 11831 14014 302 2517 4342 707N 8764 12Ô83 14120 326 2524 4395 7093 8765 12223 14185 479 2654 4451 7107 9145 12322 14226 545 2712 4793 7123 9304 12413 14331 547 2787 5087 7147 9325 12587 14345 691 2792 5179 7153 9365 12609 14382 884 2893 5348 7218 9480 12622 14394
1034 2926 5364 7376 9526 12671 14413
1109 2932 5488 7560 9561 12816 14467
1494 3030 5623 7567 9579 13108 14510
1555 3079 5916 7856 9668 13115 14922
1659 3124 5921 7903 9987 13468 15020
1719 3146 6080 7948 10158 13642 15244
1753 3150 6289 7955 10471 13717 15440
2029 3230 6376 8166 10851 13773 15538
2062 3246 6426 8189 11082 13788